5.340888 -1.765089 7.400000
5.213755 -1.674819 7.400000
5.086622 -1.584549 7.400000
4.957840 -1.496708 7.400000
4.827038 -1.411841 7.400000
4.696237 -1.326974 7.400000
4.564842 -1.243031 7.400000
4.433221 -1.159441 7.400000
4.301599 -1.075851 7.400000
4.169978 -0.992260 7.400000
4.038357 -0.908670 7.400000
3.903644 -0.830180 7.400000
3.768655 -0.752145 7.400000
3.633666 -0.674109 7.400000
3.498678 -0.596073 7.400000
3.363689 -0.518038 7.400000
3.225027 -0.446751 7.400000
3.086211 -0.375746 7.400000
2.947396 -0.304741 7.400000
2.808581 -0.233735 7.400000
2.669596 -0.163078 7.400000
2.527937 -0.097930 7.400000
2.386279 -0.032781 7.400000
2.244620 0.032367 7.400000
2.102962 0.097516 7.400000
1.960603 0.161016 7.400000
1.815353 0.217707 7.400000
1.670103 0.274398 7.400000
1.524853 0.331088 7.400000
1.379602 0.387779 7.400000
1.233137 0.441038 7.400000
1.084576 0.488378 7.400000
0.936015 0.535717 7.400000
0.787453 0.583057 7.400000
0.638892 0.630396 7.400000
0.487762 0.667613 7.400000
0.334605 0.696843 7.400000
0.181448 0.726074 7.400000
0.028291 0.755304 7.400000
-0.124866 0.784535 7.400000
-0.278991 0.807859 7.400000
-0.433465 0.829056 7.400000
-0.588344 0.845717 7.400000
-0.744129 0.852232 7.400000
-0.899914 0.858747 7.400000
-1.055609 0.852472 7.400000
-1.210836 0.838507 7.400000
-1.364127 0.812992 7.400000
-1.513091 0.766936 7.400000
-1.654493 0.702516 7.400000
-1.769963 0.597739 7.400000
-1.742401 0.451546 7.400000
-1.653653 0.327388 7.400000
-1.522423 0.243185 7.400000
-1.384847 0.170122 7.400000
-1.242549 0.106700 7.400000
-1.096367 0.052830 7.400000
-0.947298 0.007114 7.400000
-0.798229 -0.038602 7.400000
-0.648233 -0.081170 7.400000
-0.498185 -0.123559 7.400000
-0.347108 -0.161937 7.400000
-0.195168 -0.196948 7.400000
-0.043228 -0.231959 7.400000
0.108712 -0.266969 7.400000
0.260652 -0.301980 7.400000
0.412842 -0.335879 7.400000
0.565124 -0.369372 7.400000
0.717405 -0.402865 7.400000
0.869687 -0.436358 7.400000
1.021968 -0.469851 7.400000
1.174579 -0.501806 7.400000
1.327220 -0.533624 7.400000
1.479860 -0.565442 7.400000
1.632501 -0.597260 7.400000
1.785088 -0.629324 7.400000
1.937201 -0.663575 7.400000
2.089314 -0.697826 7.400000
2.241426 -0.732078 7.400000
2.393539 -0.766329 7.400000
2.545436 -0.801496 7.400000
2.696800 -0.838918 7.400000
2.848164 -0.876341 7.400000
2.999528 -0.913763 7.400000
3.150892 -0.951186 7.400000
3.300908 -0.993376 7.400000
3.449469 -1.040716 7.400000
3.598031 -1.088055 7.400000
3.746592 -1.135395 7.400000
3.895153 -1.182735 7.400000
4.041899 -1.235291 7.400000
4.187760 -1.290391 7.400000
4.333621 -1.345491 7.400000
4.479482 -1.400591 7.400000
4.625344 -1.455691 7.400000
4.769054 -1.516129 7.400000
4.912384 -1.577515 7.400000
5.055452 -1.639501 7.400000
5.198170 -1.702295 7.400000
5.340888 -1.765089 7.400000
