4.148600 -1.308287 13.200000
4.049337 -1.239832 13.200000
3.950074 -1.171377 13.200000
3.849560 -1.104818 13.200000
3.747518 -1.040579 13.200000
3.645475 -0.976340 13.200000
3.542983 -0.912822 13.200000
3.440320 -0.849580 13.200000
3.337656 -0.786338 13.200000
3.234993 -0.723095 13.200000
3.132330 -0.659853 13.200000
3.027330 -0.600587 13.200000
2.922122 -0.541675 13.200000
2.816914 -0.482763 13.200000
2.711706 -0.423852 13.200000
2.606497 -0.364940 13.200000
2.498520 -0.311286 13.200000
2.390427 -0.257851 13.200000
2.282334 -0.204416 13.200000
2.174242 -0.150981 13.200000
2.066022 -0.097818 13.200000
1.955792 -0.048942 13.200000
1.845563 -0.000066 13.200000
1.735334 0.048810 13.200000
1.625105 0.097686 13.200000
1.514352 0.145280 13.200000
1.401435 0.187578 13.200000
1.288518 0.229876 13.200000
1.175601 0.272173 13.200000
1.062684 0.314471 13.200000
0.948864 0.354103 13.200000
0.833486 0.389134 13.200000
0.718107 0.424166 13.200000
0.602729 0.459198 13.200000
0.487351 0.494230 13.200000
0.370094 0.521407 13.200000
0.251354 0.542387 13.200000
0.132614 0.563367 13.200000
0.013874 0.584347 13.200000
-0.104866 0.605327 13.200000
-0.224292 0.621730 13.200000
-0.343965 0.636484 13.200000
-0.463904 0.647726 13.200000
-0.584435 0.651114 13.200000
-0.704967 0.654501 13.200000
-0.825293 0.647999 13.200000
-0.945176 0.635556 13.200000
-1.063439 0.614202 13.200000
-1.178139 0.577010 13.200000
-1.286798 0.525699 13.200000
-1.374976 0.443456 13.200000
-1.352115 0.330702 13.200000
-1.282174 0.235636 13.200000
-1.179807 0.171915 13.200000
-1.072650 0.116876 13.200000
-0.961945 0.069342 13.200000
-0.848337 0.029236 13.200000
-0.732584 -0.004536 13.200000
-0.616831 -0.038307 13.200000
-0.500393 -0.069634 13.200000
-0.383917 -0.100822 13.200000
-0.266689 -0.128897 13.200000
-0.148829 -0.154360 13.200000
-0.030969 -0.179823 13.200000
0.086891 -0.205285 13.200000
0.204751 -0.230748 13.200000
0.322793 -0.255348 13.200000
0.440901 -0.279633 13.200000
0.559010 -0.303919 13.200000
0.677118 -0.328204 13.200000
0.795226 -0.352490 13.200000
0.913573 -0.375582 13.200000
1.031941 -0.398569 13.200000
1.150309 -0.421555 13.200000
1.268677 -0.444541 13.200000
1.387006 -0.467718 13.200000
1.504992 -0.492592 13.200000
1.622978 -0.517465 13.200000
1.740963 -0.542339 13.200000
1.858949 -0.567213 13.200000
1.976778 -0.592796 13.200000
2.094218 -0.620130 13.200000
2.211658 -0.647464 13.200000
2.329098 -0.674797 13.200000
2.446539 -0.702131 13.200000
2.562988 -0.733165 13.200000
2.678366 -0.768197 13.200000
2.793744 -0.803229 13.200000
2.909122 -0.838261 13.200000
3.024500 -0.873293 13.200000
3.138530 -0.912378 13.200000
3.251902 -0.953440 13.200000
3.365275 -0.994501 13.200000
3.478647 -1.035562 13.200000
3.592020 -1.076623 13.200000
3.703786 -1.121835 13.200000
3.815267 -1.167784 13.200000
3.926553 -1.214200 13.200000
4.037577 -1.261244 13.200000
4.148600 -1.308287 13.200000
