2.856810 -0.627901 26.500000
2.786232 -0.587995 26.500000
2.715653 -0.548089 26.500000
2.644351 -0.509528 26.500000
2.572164 -0.472612 26.500000
2.499976 -0.435696 26.500000
2.427531 -0.399290 26.500000
2.354987 -0.363079 26.500000
2.282444 -0.326868 26.500000
2.209900 -0.290657 26.500000
2.137356 -0.254445 26.500000
2.063486 -0.221037 26.500000
1.989497 -0.187879 26.500000
1.915508 -0.154720 26.500000
1.841520 -0.121562 26.500000
1.767531 -0.088403 26.500000
1.692002 -0.058932 26.500000
1.616409 -0.029614 26.500000
1.540816 -0.000296 26.500000
1.465223 0.029021 26.500000
1.389561 0.058150 26.500000
1.312811 0.084287 26.500000
1.236060 0.110423 26.500000
1.159309 0.136560 26.500000
1.082558 0.162696 26.500000
1.005533 0.187943 26.500000
0.927375 0.209513 26.500000
0.849218 0.231083 26.500000
0.771061 0.252653 26.500000
0.692904 0.274223 26.500000
0.614301 0.293953 26.500000
0.534930 0.310509 26.500000
0.455560 0.327066 26.500000
0.376189 0.343622 26.500000
0.296818 0.360178 26.500000
0.216659 0.371361 26.500000
0.135878 0.378305 26.500000
0.055097 0.385249 26.500000
-0.025685 0.392194 26.500000
-0.106466 0.399138 26.500000
-0.187432 0.402975 26.500000
-0.268466 0.405693 26.500000
-0.349467 0.406044 26.500000
-0.430395 0.401098 26.500000
-0.511323 0.396152 26.500000
-0.591522 0.384595 26.500000
-0.671068 0.369086 26.500000
-0.748996 0.347706 26.500000
-0.823590 0.315931 26.500000
-0.893292 0.275062 26.500000
-0.947426 0.214702 26.500000
-0.925366 0.140554 26.500000
-0.872833 0.081071 26.500000
-0.800459 0.044521 26.500000
-0.725397 0.014073 26.500000
-0.648408 -0.011136 26.500000
-0.569919 -0.031197 26.500000
-0.490373 -0.046887 26.500000
-0.410826 -0.062576 26.500000
-0.330968 -0.076588 26.500000
-0.251092 -0.090504 26.500000
-0.170898 -0.102291 26.500000
-0.090438 -0.112290 26.500000
-0.009978 -0.122289 26.500000
0.070482 -0.132288 26.500000
0.150943 -0.142286 26.500000
0.231473 -0.151697 26.500000
0.312029 -0.160893 26.500000
0.392585 -0.170088 26.500000
0.473141 -0.179284 26.500000
0.553697 -0.188479 26.500000
0.634341 -0.196862 26.500000
0.714993 -0.205172 26.500000
0.795645 -0.213482 26.500000
0.876297 -0.221792 26.500000
0.956935 -0.230232 26.500000
1.037444 -0.239829 26.500000
1.117953 -0.249425 26.500000
1.198463 -0.259022 26.500000
1.278972 -0.268619 26.500000
1.359418 -0.278701 26.500000
1.439709 -0.289978 26.500000
1.520000 -0.301255 26.500000
1.600291 -0.312532 26.500000
1.680582 -0.323809 26.500000
1.760431 -0.337624 26.500000
1.839801 -0.354181 26.500000
1.919172 -0.370737 26.500000
1.998543 -0.387294 26.500000
2.077914 -0.403850 26.500000
2.156624 -0.423202 26.500000
2.235012 -0.443916 26.500000
2.313400 -0.464631 26.500000
2.391789 -0.485346 26.500000
2.470177 -0.506060 26.500000
2.547738 -0.529651 26.500000
2.625152 -0.553752 26.500000
2.702464 -0.578177 26.500000
2.779637 -0.603039 26.500000
2.856810 -0.627901 26.500000
