3.874396 -1.179643 15.100000
3.781350 -1.116830 15.100000
3.688304 -1.054017 15.100000
3.594112 -0.992980 15.100000
3.498517 -0.934118 15.100000
3.402922 -0.875256 15.100000
3.306916 -0.817069 15.100000
3.210753 -0.759141 15.100000
3.114590 -0.701212 15.100000
3.018427 -0.643283 15.100000
2.922264 -0.585354 15.100000
2.823963 -0.531149 15.100000
2.725470 -0.477276 15.100000
2.626978 -0.423402 15.100000
2.528486 -0.369529 15.100000
2.429993 -0.315656 15.100000
2.328972 -0.266703 15.100000
2.227844 -0.217955 15.100000
2.126717 -0.169207 15.100000
2.025590 -0.120459 15.100000
1.924347 -0.071965 15.100000
1.821273 -0.027481 15.100000
1.718199 0.017003 15.100000
1.615125 0.061486 15.100000
1.512051 0.105970 15.100000
1.408501 0.149255 15.100000
1.302985 0.187590 15.100000
1.197470 0.225925 15.100000
1.091954 0.264260 15.100000
0.986439 0.302595 15.100000
0.880107 0.338439 15.100000
0.772368 0.369986 15.100000
0.664628 0.401533 15.100000
0.556888 0.433081 15.100000
0.449149 0.464628 15.100000
0.339732 0.488846 15.100000
0.228993 0.507280 15.100000
0.118253 0.525714 15.100000
0.007514 0.544149 15.100000
-0.103226 0.562583 15.100000
-0.214562 0.576750 15.100000
-0.326113 0.589379 15.100000
-0.437878 0.598737 15.100000
-0.550123 0.600776 15.100000
-0.662368 0.602815 15.100000
-0.774330 0.595649 15.100000
-0.885824 0.582956 15.100000
-0.995729 0.561983 15.100000
-1.102169 0.526297 15.100000
-1.202855 0.477522 15.100000
-1.284187 0.400139 15.100000
-1.261861 0.295378 15.100000
-1.195868 0.207520 15.100000
-1.099976 0.149143 15.100000
-0.999706 0.098893 15.100000
-0.896201 0.055663 15.100000
-0.790063 0.019374 15.100000
-0.681985 -0.010996 15.100000
-0.573908 -0.041366 15.100000
-0.465217 -0.069455 15.100000
-0.356491 -0.097413 15.100000
-0.247093 -0.122468 15.100000
-0.137131 -0.145083 15.100000
-0.027169 -0.167699 15.100000
0.082793 -0.190315 15.100000
0.192755 -0.212930 15.100000
0.302878 -0.234742 15.100000
0.413060 -0.256259 15.100000
0.523242 -0.277777 15.100000
0.633424 -0.299294 15.100000
0.743606 -0.320811 15.100000
0.853998 -0.341216 15.100000
0.964410 -0.361522 15.100000
1.074822 -0.381827 15.100000
1.185234 -0.402133 15.100000
1.295611 -0.422616 15.100000
1.405685 -0.444682 15.100000
1.515758 -0.466749 15.100000
1.625832 -0.488815 15.100000
1.735905 -0.510881 15.100000
1.845838 -0.533609 15.100000
1.955427 -0.557971 15.100000
2.065015 -0.582333 15.100000
2.174603 -0.606694 15.100000
2.284191 -0.631056 15.100000
2.392891 -0.658872 15.100000
2.500630 -0.690419 15.100000
2.608370 -0.721967 15.100000
2.716110 -0.753514 15.100000
2.823849 -0.785062 15.100000
2.930371 -0.820395 15.100000
3.036299 -0.857575 15.100000
3.142227 -0.894754 15.100000
3.248155 -0.931933 15.100000
3.354084 -0.969113 15.100000
3.458555 -1.010171 15.100000
3.562767 -1.051918 15.100000
3.666803 -1.094102 15.100000
3.770599 -1.136872 15.100000
3.874396 -1.179643 15.100000
