3.264439 -0.856775 20.800000
3.184924 -0.807484 20.800000
3.105410 -0.758194 20.800000
3.024998 -0.710420 20.800000
2.943489 -0.664502 20.800000
2.861980 -0.618585 20.800000
2.780151 -0.573243 20.800000
2.698199 -0.528121 20.800000
2.616247 -0.482999 20.800000
2.534295 -0.437877 20.800000
2.452343 -0.392754 20.800000
2.368731 -0.350802 20.800000
2.284971 -0.309133 20.800000
2.201210 -0.267463 20.800000
2.117450 -0.225793 20.800000
2.033690 -0.184124 20.800000
1.947983 -0.146633 20.800000
1.862195 -0.109317 20.800000
1.776406 -0.072001 20.800000
1.690618 -0.034684 20.800000
1.604742 0.002417 20.800000
1.517470 0.036120 20.800000
1.430199 0.069822 20.800000
1.342928 0.103525 20.800000
1.255657 0.137227 20.800000
1.168028 0.169916 20.800000
1.078923 0.198419 20.800000
0.989818 0.226923 20.800000
0.900713 0.255426 20.800000
0.811608 0.283929 20.800000
0.721904 0.310332 20.800000
0.631167 0.333111 20.800000
0.540430 0.355890 20.800000
0.449692 0.378669 20.800000
0.358955 0.401449 20.800000
0.267059 0.418070 20.800000
0.174249 0.429832 20.800000
0.081438 0.441595 20.800000
-0.011372 0.453358 20.800000
-0.104183 0.465120 20.800000
-0.197351 0.473310 20.800000
-0.290649 0.480213 20.800000
-0.384020 0.484384 20.800000
-0.477552 0.482446 20.800000
-0.571085 0.480507 20.800000
-0.664084 0.470913 20.800000
-0.756515 0.456732 20.800000
-0.847353 0.435706 20.800000
-0.934830 0.402543 20.800000
-1.017091 0.358666 20.800000
-1.082310 0.291594 20.800000
-1.060325 0.205082 20.800000
-1.002526 0.134060 20.800000
-0.920786 0.088556 20.800000
-0.835662 0.049961 20.800000
-0.748073 0.017317 20.800000
-0.658516 -0.009462 20.800000
-0.567535 -0.031250 20.800000
-0.476555 -0.053039 20.800000
-0.385137 -0.072907 20.800000
-0.293695 -0.092666 20.800000
-0.201787 -0.109984 20.800000
-0.109489 -0.125254 20.800000
-0.017191 -0.140524 20.800000
0.075107 -0.155793 20.800000
0.167406 -0.171063 20.800000
0.259812 -0.185658 20.800000
0.352258 -0.200006 20.800000
0.444704 -0.214354 20.800000
0.537150 -0.228702 20.800000
0.629596 -0.243050 20.800000
0.722182 -0.256465 20.800000
0.814780 -0.269797 20.800000
0.907378 -0.283128 20.800000
0.999976 -0.296460 20.800000
1.092551 -0.309940 20.800000
1.184925 -0.324749 20.800000
1.277298 -0.339557 20.800000
1.369671 -0.354366 20.800000
1.462045 -0.369174 20.800000
1.554323 -0.384539 20.800000
1.646367 -0.401275 20.800000
1.738410 -0.418010 20.800000
1.830454 -0.434746 20.800000
1.922498 -0.451482 20.800000
2.013914 -0.471123 20.800000
2.104651 -0.493902 20.800000
2.195388 -0.516681 20.800000
2.286125 -0.539461 20.800000
2.376862 -0.562240 20.800000
2.466708 -0.588211 20.800000
2.556119 -0.615739 20.800000
2.645530 -0.643267 20.800000
2.734942 -0.670794 20.800000
2.824353 -0.698322 20.800000
2.912676 -0.729127 20.800000
3.000807 -0.760514 20.800000
3.088804 -0.792269 20.800000
3.176622 -0.824522 20.800000
3.264439 -0.856775 20.800000
