2.789975 -0.581840 28.400000
2.720792 -0.543699 28.400000
2.651610 -0.505557 28.400000
2.581736 -0.468734 28.400000
2.511017 -0.433523 28.400000
2.440297 -0.398312 28.400000
2.369332 -0.363601 28.400000
2.298274 -0.329080 28.400000
2.227215 -0.294559 28.400000
2.156156 -0.260038 28.400000
2.085098 -0.225517 28.400000
2.012775 -0.193741 28.400000
1.940340 -0.162210 28.400000
1.867906 -0.130679 28.400000
1.795471 -0.099147 28.400000
1.723036 -0.067616 28.400000
1.649139 -0.039693 28.400000
1.575182 -0.011921 28.400000
1.501224 0.015852 28.400000
1.427267 0.043624 28.400000
1.353244 0.071212 28.400000
1.278192 0.095873 28.400000
1.203139 0.120534 28.400000
1.128087 0.145195 28.400000
1.053035 0.169856 28.400000
0.977724 0.193646 28.400000
0.901350 0.213843 28.400000
0.824975 0.234040 28.400000
0.748600 0.254238 28.400000
0.672225 0.274435 28.400000
0.595436 0.292834 28.400000
0.517931 0.308134 28.400000
0.440427 0.323433 28.400000
0.362922 0.338733 28.400000
0.285418 0.354032 28.400000
0.207201 0.364088 28.400000
0.128423 0.370007 28.400000
0.049645 0.375927 28.400000
-0.029133 0.381846 28.400000
-0.107911 0.387765 28.400000
-0.186837 0.390656 28.400000
-0.265817 0.392456 28.400000
-0.344740 0.391949 28.400000
-0.423537 0.386282 28.400000
-0.502333 0.380616 28.400000
-0.580350 0.368516 28.400000
-0.657690 0.352572 28.400000
-0.733391 0.330925 28.400000
-0.805735 0.299185 28.400000
-0.873218 0.258636 28.400000
-0.925329 0.199260 28.400000
-0.903059 0.127249 28.400000
-0.851253 0.069844 28.400000
-0.780356 0.034992 28.400000
-0.706904 0.006113 28.400000
-0.631629 -0.017642 28.400000
-0.554947 -0.036366 28.400000
-0.477280 -0.050819 28.400000
-0.399613 -0.065272 28.400000
-0.321661 -0.078087 28.400000
-0.243691 -0.090809 28.400000
-0.165435 -0.101453 28.400000
-0.086938 -0.110352 28.400000
-0.008440 -0.119251 28.400000
0.070057 -0.128150 28.400000
0.148554 -0.137049 28.400000
0.227114 -0.145374 28.400000
0.305696 -0.153489 28.400000
0.384278 -0.161605 28.400000
0.462860 -0.169720 28.400000
0.541443 -0.177836 28.400000
0.620102 -0.185158 28.400000
0.698769 -0.192410 28.400000
0.777436 -0.199661 28.400000
0.856102 -0.206913 28.400000
0.934756 -0.214291 28.400000
1.013297 -0.222798 28.400000
1.091838 -0.231305 28.400000
1.170379 -0.239812 28.400000
1.248919 -0.248319 28.400000
1.327404 -0.257299 28.400000
1.405750 -0.267445 28.400000
1.484096 -0.277591 28.400000
1.562442 -0.287737 28.400000
1.640788 -0.297884 28.400000
1.718729 -0.310507 28.400000
1.796234 -0.325807 28.400000
1.873738 -0.341106 28.400000
1.951243 -0.356406 28.400000
2.028747 -0.371705 28.400000
2.105638 -0.389735 28.400000
2.182228 -0.409096 28.400000
2.258819 -0.428458 28.400000
2.335410 -0.447819 28.400000
2.412001 -0.467180 28.400000
2.487816 -0.489352 28.400000
2.563494 -0.512023 28.400000
2.639074 -0.535011 28.400000
2.714525 -0.558425 28.400000
2.789975 -0.581840 28.400000
