4.495345 -1.455163 11.200000
4.388091 -1.379992 11.200000
4.280836 -1.304821 11.200000
4.172209 -1.231699 11.200000
4.061901 -1.161085 11.200000
3.951593 -1.090471 11.200000
3.840792 -1.020636 11.200000
3.729802 -0.951099 11.200000
3.618812 -0.881562 11.200000
3.507822 -0.812025 11.200000
3.396832 -0.742488 11.200000
3.283271 -0.677251 11.200000
3.169481 -0.612397 11.200000
3.055691 -0.547542 11.200000
2.941901 -0.482688 11.200000
2.828112 -0.417834 11.200000
2.711271 -0.358669 11.200000
2.594302 -0.299739 11.200000
2.477334 -0.240810 11.200000
2.360366 -0.181881 11.200000
2.243258 -0.123246 11.200000
2.123932 -0.069251 11.200000
2.004605 -0.015256 11.200000
1.885279 0.038739 11.200000
1.765953 0.092733 11.200000
1.646047 0.145340 11.200000
1.523748 0.192212 11.200000
1.401448 0.239084 11.200000
1.279148 0.285956 11.200000
1.156849 0.332828 11.200000
1.033546 0.376811 11.200000
0.908513 0.415811 11.200000
0.783481 0.454811 11.200000
0.658448 0.493811 11.200000
0.533415 0.532811 11.200000
0.406277 0.563294 11.200000
0.277477 0.587059 11.200000
0.148677 0.610824 11.200000
0.019877 0.634589 11.200000
-0.108923 0.658354 11.200000
-0.238505 0.677153 11.200000
-0.368370 0.694164 11.200000
-0.498552 0.707362 11.200000
-0.629442 0.712032 11.200000
-0.760333 0.716703 11.200000
-0.891082 0.710631 11.200000
-1.021398 0.698102 11.200000
-1.150028 0.675881 11.200000
-1.274919 0.636428 11.200000
-1.393363 0.581589 11.200000
-1.489817 0.492983 11.200000
-1.465913 0.370325 11.200000
-1.390727 0.266492 11.200000
-1.280063 0.196437 11.200000
-1.164125 0.135774 11.200000
-1.044271 0.083232 11.200000
-0.921203 0.038735 11.200000
-0.795752 0.001101 11.200000
-0.670302 -0.036533 11.200000
-0.544088 -0.071517 11.200000
-0.417831 -0.106351 11.200000
-0.290732 -0.137811 11.200000
-0.162925 -0.166438 11.200000
-0.035117 -0.195064 11.200000
0.092690 -0.223691 11.200000
0.220497 -0.252317 11.200000
0.348509 -0.280009 11.200000
0.476596 -0.307359 11.200000
0.604682 -0.334709 11.200000
0.732769 -0.362059 11.200000
0.860855 -0.389409 11.200000
0.989210 -0.415465 11.200000
1.117590 -0.441406 11.200000
1.245969 -0.467347 11.200000
1.374348 -0.493288 11.200000
1.502684 -0.519436 11.200000
1.630633 -0.547424 11.200000
1.758581 -0.575412 11.200000
1.886530 -0.603400 11.200000
2.014479 -0.631387 11.200000
2.142251 -0.660145 11.200000
2.269586 -0.690801 11.200000
2.396922 -0.721456 11.200000
2.524258 -0.752112 11.200000
2.651594 -0.782767 11.200000
2.777823 -0.817434 11.200000
2.902855 -0.856434 11.200000
3.027888 -0.895434 11.200000
3.152921 -0.934434 11.200000
3.277953 -0.973434 11.200000
3.401488 -1.016826 11.200000
3.524293 -1.062358 11.200000
3.647097 -1.107891 11.200000
3.769902 -1.153424 11.200000
3.892706 -1.198956 11.200000
4.013732 -1.248984 11.200000
4.134442 -1.299809 11.200000
4.254937 -1.351141 11.200000
4.375141 -1.403152 11.200000
4.495345 -1.455163 11.200000
