7.094090 -2.191918 1.700000
6.923982 -2.076059 1.700000
6.753873 -1.960199 1.700000
6.581651 -1.847588 1.700000
6.406840 -1.738954 1.700000
6.232029 -1.630319 1.700000
6.056459 -1.522920 1.700000
5.880599 -1.415992 1.700000
5.704739 -1.309064 1.700000
5.528879 -1.202136 1.700000
5.353019 -1.095208 1.700000
5.173210 -0.995090 1.700000
4.993049 -0.895579 1.700000
4.812888 -0.796069 1.700000
4.632727 -0.696558 1.700000
4.452567 -0.597047 1.700000
4.267731 -0.506538 1.700000
4.082701 -0.416404 1.700000
3.897671 -0.326270 1.700000
3.712640 -0.236136 1.700000
3.527396 -0.146466 1.700000
3.338764 -0.064135 1.700000
3.150133 0.018196 1.700000
2.961501 0.100527 1.700000
2.772870 0.182859 1.700000
2.583357 0.262996 1.700000
2.390203 0.334073 1.700000
2.197049 0.405150 1.700000
2.003895 0.476226 1.700000
1.810741 0.547303 1.700000
1.616072 0.613819 1.700000
1.418789 0.672469 1.700000
1.221506 0.731120 1.700000
1.024224 0.789770 1.700000
0.826941 0.848420 1.700000
0.626528 0.893644 1.700000
0.423647 0.928276 1.700000
0.220765 0.962908 1.700000
0.017884 0.997540 1.700000
-0.184998 1.032173 1.700000
-0.389005 1.058985 1.700000
-0.593417 1.082982 1.700000
-0.798248 1.100981 1.700000
-1.004013 1.105567 1.700000
-1.209778 1.110153 1.700000
-1.415094 1.097861 1.700000
-1.619595 1.075434 1.700000
-1.821243 1.037812 1.700000
-2.016652 0.973193 1.700000
-2.201609 0.884533 1.700000
-2.351301 0.743280 1.700000
-2.311162 0.551051 1.700000
-2.190839 0.389480 1.700000
-2.015480 0.281733 1.700000
-1.832031 0.188851 1.700000
-1.642601 0.108815 1.700000
-1.448290 0.041485 1.700000
-1.250379 -0.015009 1.700000
-1.052468 -0.071504 1.700000
-0.853415 -0.123820 1.700000
-0.654296 -0.175898 1.700000
-0.453924 -0.222657 1.700000
-0.252500 -0.264949 1.700000
-0.051076 -0.307241 1.700000
0.150348 -0.349532 1.700000
0.351772 -0.391824 1.700000
0.553498 -0.432643 1.700000
0.755334 -0.472923 1.700000
0.957170 -0.513204 1.700000
1.159007 -0.553484 1.700000
1.360843 -0.593765 1.700000
1.563074 -0.632007 1.700000
1.765340 -0.670067 1.700000
1.967607 -0.708127 1.700000
2.169873 -0.746188 1.700000
2.372076 -0.784574 1.700000
2.573709 -0.825859 1.700000
2.775342 -0.867145 1.700000
2.976975 -0.908430 1.700000
3.178607 -0.949715 1.700000
3.379979 -0.992214 1.700000
3.580705 -1.037704 1.700000
3.781431 -1.083194 1.700000
3.982157 -1.128685 1.700000
4.182883 -1.174175 1.700000
4.381954 -1.225991 1.700000
4.579237 -1.284641 1.700000
4.776519 -1.343291 1.700000
4.973802 -1.401942 1.700000
5.171085 -1.460592 1.700000
5.366106 -1.526174 1.700000
5.560025 -1.595135 1.700000
5.753945 -1.664097 1.700000
5.947864 -1.733058 1.700000
6.141783 -1.802020 1.700000
6.333002 -1.878082 1.700000
6.523741 -1.955404 1.700000
6.714152 -2.033526 1.700000
6.904121 -2.112722 1.700000
7.094090 -2.191918 1.700000
