2.994794 -0.697737 24.600000
2.921128 -0.654856 24.600000
2.847462 -0.611976 24.600000
2.773018 -0.570500 24.600000
2.697622 -0.530742 24.600000
2.622225 -0.490984 24.600000
2.546551 -0.451758 24.600000
2.470771 -0.412736 24.600000
2.394991 -0.373714 24.600000
2.319211 -0.334691 24.600000
2.243431 -0.295669 24.600000
2.166219 -0.259576 24.600000
2.088879 -0.223744 24.600000
2.011540 -0.187911 24.600000
1.934200 -0.152079 24.600000
1.856861 -0.116247 24.600000
1.777854 -0.084270 24.600000
1.698777 -0.052454 24.600000
1.619701 -0.020638 24.600000
1.540624 0.011178 24.600000
1.461473 0.042796 24.600000
1.381137 0.071283 24.600000
1.300802 0.099770 24.600000
1.220466 0.128258 24.600000
1.140130 0.156745 24.600000
1.059495 0.184300 24.600000
0.977620 0.208006 24.600000
0.895746 0.231711 24.600000
0.813872 0.255417 24.600000
0.731997 0.279122 24.600000
0.649631 0.300899 24.600000
0.566415 0.319350 24.600000
0.483199 0.337801 24.600000
0.399983 0.356253 24.600000
0.316767 0.374704 24.600000
0.232651 0.387517 24.600000
0.147825 0.395882 24.600000
0.063000 0.404247 24.600000
-0.021826 0.412612 24.600000
-0.106651 0.420978 24.600000
-0.191713 0.426080 24.600000
-0.276859 0.430006 24.600000
-0.362003 0.431443 24.600000
-0.447140 0.427312 24.600000
-0.532277 0.423180 24.600000
-0.616734 0.412090 24.600000
-0.700557 0.396836 24.600000
-0.782757 0.375389 24.600000
-0.861589 0.342972 24.600000
-0.935399 0.300929 24.600000
-0.993101 0.238193 24.600000
-0.970889 0.159958 24.600000
-0.916452 0.096736 24.600000
-0.840855 0.057360 24.600000
-0.762351 0.024363 24.600000
-0.681753 -0.003152 24.600000
-0.599510 -0.025276 24.600000
-0.516098 -0.042818 24.600000
-0.432685 -0.060361 24.600000
-0.348923 -0.076143 24.600000
-0.265142 -0.091826 24.600000
-0.180998 -0.105274 24.600000
-0.096550 -0.116846 24.600000
-0.012102 -0.128418 24.600000
0.072346 -0.139990 24.600000
0.156794 -0.151563 24.600000
0.241323 -0.162517 24.600000
0.325882 -0.173246 24.600000
0.410441 -0.183976 24.600000
0.495000 -0.194705 24.600000
0.579559 -0.205434 24.600000
0.664222 -0.215309 24.600000
0.748894 -0.225109 24.600000
0.833566 -0.234908 24.600000
0.918237 -0.244708 24.600000
1.002892 -0.254643 24.600000
1.087397 -0.265794 24.600000
1.171901 -0.276944 24.600000
1.256406 -0.288094 24.600000
1.340911 -0.299244 24.600000
1.425343 -0.310904 24.600000
1.509596 -0.323817 24.600000
1.593849 -0.336731 24.600000
1.678102 -0.349645 24.600000
1.762355 -0.362559 24.600000
1.846110 -0.378134 24.600000
1.929326 -0.396585 24.600000
2.012542 -0.415037 24.600000
2.095758 -0.433488 24.600000
2.178974 -0.451939 24.600000
2.261458 -0.473320 24.600000
2.343587 -0.496129 24.600000
2.425715 -0.518938 24.600000
2.507844 -0.541748 24.600000
2.589972 -0.564557 24.600000
2.671193 -0.590378 24.600000
2.752253 -0.616735 24.600000
2.833201 -0.643431 24.600000
2.913997 -0.670584 24.600000
2.994794 -0.697737 24.600000
