3.469019 -0.962240 18.900000
3.384943 -0.908489 18.900000
3.300867 -0.854737 18.900000
3.215812 -0.802590 18.900000
3.129559 -0.752407 18.900000
3.043306 -0.702224 18.900000
2.956702 -0.652649 18.900000
2.869965 -0.603308 18.900000
2.783227 -0.553966 18.900000
2.696490 -0.504625 18.900000
2.609752 -0.455283 18.900000
2.521197 -0.409298 18.900000
2.432479 -0.363612 18.900000
2.343762 -0.317926 18.900000
2.255045 -0.272240 18.900000
2.166328 -0.226554 18.900000
2.075472 -0.185296 18.900000
1.984527 -0.144223 18.900000
1.893582 -0.103150 18.900000
1.802637 -0.062077 18.900000
1.711595 -0.021232 18.900000
1.619014 0.016009 18.900000
1.526434 0.053250 18.900000
1.433854 0.090490 18.900000
1.341274 0.127731 18.900000
1.248297 0.163896 18.900000
1.153684 0.195619 18.900000
1.059071 0.227341 18.900000
0.964457 0.259064 18.900000
0.869844 0.290786 18.900000
0.774561 0.320277 18.900000
0.678122 0.345919 18.900000
0.581683 0.371561 18.900000
0.485244 0.397203 18.900000
0.388805 0.422844 18.900000
0.291038 0.441935 18.900000
0.192225 0.455858 18.900000
0.093411 0.469781 18.900000
-0.005403 0.483704 18.900000
-0.104216 0.497626 18.900000
-0.203465 0.507743 18.900000
-0.302871 0.516490 18.900000
-0.402394 0.522324 18.900000
-0.502182 0.521645 18.900000
-0.601969 0.520965 18.900000
-0.701301 0.512112 18.900000
-0.800095 0.498358 18.900000
-0.897291 0.477281 18.900000
-0.991083 0.443208 18.900000
-1.079471 0.397630 18.900000
-1.150026 0.327062 18.900000
-1.127861 0.234465 18.900000
-1.067269 0.157858 18.900000
-0.980762 0.108112 18.900000
-0.890545 0.065686 18.900000
-0.797610 0.029569 18.900000
-0.702489 -0.000322 18.900000
-0.605776 -0.024910 18.900000
-0.509063 -0.049498 18.900000
-0.411855 -0.072045 18.900000
-0.314619 -0.094476 18.900000
-0.216851 -0.114311 18.900000
-0.118636 -0.131967 18.900000
-0.020420 -0.149622 18.900000
0.077795 -0.167278 18.900000
0.176011 -0.184934 18.900000
0.274351 -0.201871 18.900000
0.372738 -0.218546 18.900000
0.471125 -0.235220 18.900000
0.569511 -0.251895 18.900000
0.667898 -0.268570 18.900000
0.766447 -0.284251 18.900000
0.865011 -0.299844 18.900000
0.963575 -0.315437 18.900000
1.062139 -0.331030 18.900000
1.160677 -0.346781 18.900000
1.258979 -0.363946 18.900000
1.357281 -0.381111 18.900000
1.455584 -0.398276 18.900000
1.553886 -0.415441 18.900000
1.652079 -0.433197 18.900000
1.750001 -0.452412 18.900000
1.847923 -0.471628 18.900000
1.945845 -0.490843 18.900000
2.043767 -0.510058 18.900000
2.140977 -0.532363 18.900000
2.237416 -0.558005 18.900000
2.333855 -0.583647 18.900000
2.430293 -0.609289 18.900000
2.526732 -0.634930 18.900000
2.622173 -0.663964 18.900000
2.717128 -0.694650 18.900000
2.812082 -0.725337 18.900000
2.907036 -0.756023 18.900000
3.001990 -0.786710 18.900000
3.095736 -0.820876 18.900000
3.189267 -0.855659 18.900000
3.282651 -0.890835 18.900000
3.375835 -0.926537 18.900000
3.469019 -0.962240 18.900000
