3.130588 -0.774626 22.700000
3.053950 -0.728603 22.700000
2.977313 -0.682579 22.700000
2.899839 -0.638016 22.700000
2.821342 -0.595242 22.700000
2.742845 -0.552468 22.700000
2.664049 -0.510248 22.700000
2.585139 -0.468240 22.700000
2.506229 -0.426232 22.700000
2.427319 -0.384224 22.700000
2.348409 -0.342216 22.700000
2.267956 -0.303259 22.700000
2.187365 -0.264574 22.700000
2.106774 -0.225889 22.700000
2.026183 -0.187204 22.700000
1.945592 -0.148519 22.700000
1.863197 -0.113853 22.700000
1.780726 -0.079355 22.700000
1.698256 -0.044857 22.700000
1.615786 -0.010358 22.700000
1.533235 0.023933 22.700000
1.449396 0.054959 22.700000
1.365558 0.085984 22.700000
1.281720 0.117010 22.700000
1.197881 0.148035 22.700000
1.113715 0.178088 22.700000
1.028195 0.204121 22.700000
0.942674 0.230154 22.700000
0.857154 0.256186 22.700000
0.771633 0.282219 22.700000
0.685569 0.306237 22.700000
0.598566 0.326779 22.700000
0.511563 0.347321 22.700000
0.424561 0.367863 22.700000
0.337558 0.388405 22.700000
0.249531 0.403048 22.700000
0.160696 0.413036 22.700000
0.071861 0.423024 22.700000
-0.016975 0.433012 22.700000
-0.105810 0.443000 22.700000
-0.194939 0.449570 22.700000
-0.284175 0.454908 22.700000
-0.373443 0.457635 22.700000
-0.462783 0.454523 22.700000
-0.552124 0.451410 22.700000
-0.640852 0.440990 22.700000
-0.728975 0.426195 22.700000
-0.815483 0.404882 22.700000
-0.898618 0.372017 22.700000
-0.976624 0.328985 22.700000
-1.038034 0.264022 22.700000
-1.015862 0.181660 22.700000
-0.959681 0.114580 22.700000
-0.880968 0.072204 22.700000
-0.799115 0.036475 22.700000
-0.714988 0.006465 22.700000
-0.629058 -0.017915 22.700000
-0.541836 -0.037506 22.700000
-0.454615 -0.057098 22.700000
-0.367001 -0.074849 22.700000
-0.279365 -0.092496 22.700000
-0.191318 -0.107805 22.700000
-0.102925 -0.121151 22.700000
-0.014532 -0.134497 22.700000
0.073861 -0.147842 22.700000
0.162255 -0.161188 22.700000
0.250742 -0.173888 22.700000
0.339264 -0.186351 22.700000
0.427786 -0.198814 22.700000
0.516307 -0.211278 22.700000
0.604829 -0.223741 22.700000
0.693472 -0.235311 22.700000
0.782125 -0.246801 22.700000
0.870779 -0.258291 22.700000
0.959432 -0.269781 22.700000
1.048066 -0.281414 22.700000
1.136525 -0.294318 22.700000
1.224983 -0.307222 22.700000
1.313442 -0.320126 22.700000
1.401901 -0.333030 22.700000
1.490276 -0.346467 22.700000
1.578446 -0.361217 22.700000
1.666615 -0.375967 22.700000
1.754785 -0.390717 22.700000
1.842955 -0.405467 22.700000
1.930563 -0.423002 22.700000
2.017566 -0.443544 22.700000
2.104569 -0.464086 22.700000
2.191572 -0.484628 22.700000
2.278574 -0.505170 22.700000
2.364768 -0.528774 22.700000
2.450568 -0.553870 22.700000
2.536368 -0.578967 22.700000
2.622168 -0.604064 22.700000
2.707968 -0.629161 22.700000
2.792772 -0.657403 22.700000
2.877401 -0.686205 22.700000
2.961906 -0.715360 22.700000
3.046247 -0.744993 22.700000
3.130588 -0.774626 22.700000
