6.427197 -2.062434 3.600000
6.273704 -1.955437 3.600000
6.120210 -1.848441 3.600000
5.964763 -1.744376 3.600000
5.806924 -1.643901 3.600000
5.649084 -1.543425 3.600000
5.490543 -1.444065 3.600000
5.331733 -1.345131 3.600000
5.172923 -1.246197 3.600000
5.014114 -1.147262 3.600000
4.855304 -1.048328 3.600000
4.692837 -0.955546 3.600000
4.530045 -0.863312 3.600000
4.367252 -0.771078 3.600000
4.204460 -0.678843 3.600000
4.041667 -0.586609 3.600000
3.874537 -0.502512 3.600000
3.707225 -0.418754 3.600000
3.539914 -0.334996 3.600000
3.372603 -0.251237 3.600000
3.205092 -0.167899 3.600000
3.034430 -0.091198 3.600000
2.863768 -0.014497 3.600000
2.693106 0.062204 3.600000
2.522444 0.138904 3.600000
2.350959 0.213620 3.600000
2.176076 0.280134 3.600000
2.001192 0.346649 3.600000
1.826308 0.413163 3.600000
1.651424 0.479678 3.600000
1.475118 0.542062 3.600000
1.296358 0.597321 3.600000
1.117599 0.652580 3.600000
0.938839 0.707839 3.600000
0.760080 0.763097 3.600000
0.578343 0.806183 3.600000
0.394257 0.839664 3.600000
0.210171 0.873145 3.600000
0.026086 0.906625 3.600000
-0.158000 0.940106 3.600000
-0.343186 0.966490 3.600000
-0.528768 0.990318 3.600000
-0.714789 1.008698 3.600000
-0.901792 1.014895 3.600000
-1.088795 1.021091 3.600000
-1.275557 1.011940 3.600000
-1.461677 0.993567 3.600000
-1.645353 0.961355 3.600000
-1.823624 0.904539 3.600000
-1.992630 0.825766 3.600000
-2.130098 0.698836 3.600000
-2.095503 0.523698 3.600000
-1.987717 0.375639 3.600000
-1.829371 0.275964 3.600000
-1.663525 0.189724 3.600000
-1.492114 0.115102 3.600000
-1.316141 0.051982 3.600000
-1.136789 -0.001324 3.600000
-0.957438 -0.054629 3.600000
-0.777006 -0.104148 3.600000
-0.596513 -0.153451 3.600000
-0.414828 -0.197931 3.600000
-0.232143 -0.238360 3.600000
-0.049457 -0.278790 3.600000
0.133228 -0.319220 3.600000
0.315914 -0.359649 3.600000
0.498888 -0.398742 3.600000
0.681968 -0.437347 3.600000
0.865047 -0.475953 3.600000
1.048127 -0.514558 3.600000
1.231207 -0.553163 3.600000
1.414666 -0.589919 3.600000
1.598158 -0.626510 3.600000
1.781651 -0.663101 3.600000
1.965144 -0.699692 3.600000
2.148575 -0.736579 3.600000
2.331461 -0.776096 3.600000
2.514346 -0.815612 3.600000
2.697231 -0.855129 3.600000
2.880116 -0.894646 3.600000
3.062751 -0.935263 3.600000
3.244770 -0.978593 3.600000
3.426790 -1.021923 3.600000
3.608809 -1.065253 3.600000
3.790829 -1.108583 3.600000
3.971281 -1.157647 3.600000
4.150040 -1.212906 3.600000
4.328800 -1.268165 3.600000
4.507559 -1.323424 3.600000
4.686319 -1.378683 3.600000
4.862955 -1.440221 3.600000
5.038555 -1.504821 3.600000
5.214155 -1.569420 3.600000
5.389755 -1.634019 3.600000
5.565356 -1.698618 3.600000
5.738431 -1.769646 3.600000
5.911059 -1.841814 3.600000
6.083380 -1.914705 3.600000
6.255289 -1.988570 3.600000
6.427197 -2.062434 3.600000
