5.843768 -1.916475 5.500000
5.704544 -1.818097 5.500000
5.565320 -1.719720 5.500000
5.424299 -1.624003 5.500000
5.281077 -1.531542 5.500000
5.137856 -1.439081 5.500000
4.993988 -1.347632 5.500000
4.849873 -1.256570 5.500000
4.705759 -1.165507 5.500000
4.561644 -1.074445 5.500000
4.417530 -0.983382 5.500000
4.270048 -0.897903 5.500000
4.122265 -0.812922 5.500000
3.974483 -0.727941 5.500000
3.826701 -0.642959 5.500000
3.678919 -0.557978 5.500000
3.527137 -0.480385 5.500000
3.375188 -0.403100 5.500000
3.223240 -0.325814 5.500000
3.071291 -0.248529 5.500000
2.919158 -0.171625 5.500000
2.764116 -0.100750 5.500000
2.609073 -0.029876 5.500000
2.454031 0.040999 5.500000
2.298988 0.111874 5.500000
2.143185 0.180945 5.500000
1.984237 0.242563 5.500000
1.825288 0.304182 5.500000
1.666340 0.365801 5.500000
1.507392 0.427420 5.500000
1.347124 0.485283 5.500000
1.184579 0.536670 5.500000
1.022034 0.588056 5.500000
0.859489 0.639442 5.500000
0.696944 0.690829 5.500000
0.531616 0.731141 5.500000
0.364092 0.762717 5.500000
0.196567 0.794292 5.500000
0.029043 0.825868 5.500000
-0.138481 0.857444 5.500000
-0.307049 0.882559 5.500000
-0.475993 0.905349 5.500000
-0.645369 0.923178 5.500000
-0.815710 0.929911 5.500000
-0.986051 0.936645 5.500000
-1.156260 0.929395 5.500000
-1.325940 0.913739 5.500000
-1.493473 0.885459 5.500000
-1.656225 0.834732 5.500000
-1.810664 0.763946 5.500000
-1.936649 0.649102 5.500000
-1.906149 0.489333 5.500000
-1.808808 0.353810 5.500000
-1.665120 0.262076 5.500000
-1.514521 0.182538 5.500000
-1.358784 0.113553 5.500000
-1.198824 0.055020 5.500000
-1.035728 0.005410 5.500000
-0.872632 -0.044200 5.500000
-0.708530 -0.090366 5.500000
-0.544372 -0.136336 5.500000
-0.379099 -0.177919 5.500000
-0.212891 -0.215817 5.500000
-0.046683 -0.253716 5.500000
0.119525 -0.291614 5.500000
0.285733 -0.329512 5.500000
0.452212 -0.366195 5.500000
0.618790 -0.402433 5.500000
0.785368 -0.438671 5.500000
0.951946 -0.474910 5.500000
1.118524 -0.511148 5.500000
1.285458 -0.545704 5.500000
1.452424 -0.580110 5.500000
1.619390 -0.614516 5.500000
1.786356 -0.648922 5.500000
1.953264 -0.683597 5.500000
2.119659 -0.720664 5.500000
2.286055 -0.757732 5.500000
2.452450 -0.794800 5.500000
2.618845 -0.831867 5.500000
2.785006 -0.869937 5.500000
2.950591 -0.910473 5.500000
3.116175 -0.951010 5.500000
3.281759 -0.991547 5.500000
3.447344 -1.032084 5.500000
3.611467 -1.077837 5.500000
3.774012 -1.129223 5.500000
3.936556 -1.180610 5.500000
4.099101 -1.231996 5.500000
4.261646 -1.283383 5.500000
4.422219 -1.340478 5.500000
4.581832 -1.400355 5.500000
4.741444 -1.460233 5.500000
4.901056 -1.520111 5.500000
5.060668 -1.579989 5.500000
5.217943 -1.645709 5.500000
5.374802 -1.712466 5.500000
5.531378 -1.779879 5.500000
5.687573 -1.848177 5.500000
5.843768 -1.916475 5.500000
