3.672060 -1.070795 17.000000
3.583488 -1.012513 17.000000
3.494917 -0.954232 17.000000
3.405283 -0.897642 17.000000
3.314348 -0.843120 17.000000
3.223414 -0.788599 17.000000
3.132099 -0.734720 17.000000
3.040638 -0.681087 17.000000
2.949177 -0.627453 17.000000
2.857717 -0.573819 17.000000
2.766256 -0.520186 17.000000
2.672817 -0.470093 17.000000
2.579202 -0.420315 17.000000
2.485586 -0.370537 17.000000
2.391971 -0.320759 17.000000
2.298356 -0.270982 17.000000
2.202407 -0.225879 17.000000
2.106361 -0.180971 17.000000
2.010314 -0.136063 17.000000
1.914268 -0.091155 17.000000
1.818115 -0.046488 17.000000
1.720278 -0.005629 17.000000
1.622440 0.035231 17.000000
1.524603 0.076090 17.000000
1.426766 0.116949 17.000000
1.328492 0.156671 17.000000
1.228418 0.191696 17.000000
1.128344 0.226721 17.000000
1.028269 0.261747 17.000000
0.928195 0.296772 17.000000
0.827378 0.329435 17.000000
0.725279 0.358026 17.000000
0.623180 0.386616 17.000000
0.521081 0.415207 17.000000
0.418981 0.443797 17.000000
0.315381 0.465446 17.000000
0.210595 0.481620 17.000000
0.105809 0.497793 17.000000
0.001023 0.513966 17.000000
-0.103762 0.530139 17.000000
-0.209064 0.542276 17.000000
-0.314551 0.552958 17.000000
-0.420204 0.560548 17.000000
-0.526228 0.561221 17.000000
-0.632253 0.561894 17.000000
-0.737907 0.553877 17.000000
-0.843059 0.540647 17.000000
-0.946616 0.519613 17.000000
-1.046738 0.484724 17.000000
-1.141279 0.437539 17.000000
-1.217224 0.363552 17.000000
-1.194971 0.264867 17.000000
-1.131668 0.182632 17.000000
-1.040458 0.128572 17.000000
-0.945204 0.082236 17.000000
-0.846974 0.042566 17.000000
-0.746334 0.009480 17.000000
-0.643930 -0.017995 17.000000
-0.541525 -0.045470 17.000000
-0.438566 -0.070783 17.000000
-0.335575 -0.095973 17.000000
-0.231982 -0.118413 17.000000
-0.127885 -0.138544 17.000000
-0.023787 -0.158675 17.000000
0.080311 -0.178805 17.000000
0.184409 -0.198936 17.000000
0.288651 -0.218305 17.000000
0.392944 -0.237396 17.000000
0.497238 -0.256487 17.000000
0.601531 -0.275578 17.000000
0.705825 -0.294669 17.000000
0.810305 -0.312707 17.000000
0.914803 -0.330651 17.000000
1.019300 -0.348595 17.000000
1.123797 -0.366539 17.000000
1.228263 -0.384652 17.000000
1.332461 -0.404262 17.000000
1.436658 -0.423873 17.000000
1.540855 -0.443483 17.000000
1.645052 -0.463094 17.000000
1.749125 -0.483331 17.000000
1.852889 -0.505115 17.000000
1.956654 -0.526898 17.000000
2.060419 -0.548682 17.000000
2.164183 -0.570466 17.000000
2.267147 -0.595521 17.000000
2.369246 -0.624112 17.000000
2.471345 -0.652703 17.000000
2.573444 -0.681293 17.000000
2.675543 -0.709884 17.000000
2.776534 -0.742063 17.000000
2.876986 -0.775992 17.000000
2.977437 -0.809922 17.000000
3.077888 -0.843851 17.000000
3.178339 -0.877780 17.000000
3.277458 -0.915389 17.000000
3.376339 -0.953651 17.000000
3.475059 -0.992328 17.000000
3.573559 -1.031561 17.000000
3.672060 -1.070795 17.000000
