4.844663 -1.593500 9.300000
4.729280 -1.511818 9.300000
4.613897 -1.430136 9.300000
4.497022 -1.350659 9.300000
4.378320 -1.273881 9.300000
4.259618 -1.197102 9.300000
4.140379 -1.121162 9.300000
4.020935 -1.045543 9.300000
3.901492 -0.969923 9.300000
3.782048 -0.894304 9.300000
3.662604 -0.818684 9.300000
3.540364 -0.747692 9.300000
3.417874 -0.677113 9.300000
3.295385 -0.606534 9.300000
3.172895 -0.535955 9.300000
3.050406 -0.465376 9.300000
2.924594 -0.400920 9.300000
2.798644 -0.336720 9.300000
2.672694 -0.272520 9.300000
2.546743 -0.208320 9.300000
2.420640 -0.144436 9.300000
2.292120 -0.085549 9.300000
2.163599 -0.026663 9.300000
2.035079 0.032223 9.300000
1.906559 0.091110 9.300000
1.777405 0.148501 9.300000
1.645639 0.199714 9.300000
1.513873 0.250928 9.300000
1.382107 0.302141 9.300000
1.250341 0.353354 9.300000
1.117478 0.401455 9.300000
0.982722 0.444186 9.300000
0.847966 0.486916 9.300000
0.713210 0.529647 9.300000
0.578453 0.572378 9.300000
0.441381 0.605927 9.300000
0.302482 0.632233 9.300000
0.163582 0.658539 9.300000
0.024682 0.684845 9.300000
-0.114217 0.711151 9.300000
-0.253987 0.732101 9.300000
-0.394071 0.751121 9.300000
-0.534515 0.766029 9.300000
-0.675769 0.771736 9.300000
-0.817022 0.777443 9.300000
-0.958177 0.771554 9.300000
-1.098898 0.758694 9.300000
-1.237849 0.735364 9.300000
-1.372851 0.693415 9.300000
-1.500973 0.634827 9.300000
-1.605531 0.539681 9.300000
-1.580354 0.407168 9.300000
-1.499730 0.294712 9.300000
-1.380641 0.218536 9.300000
-1.255811 0.152469 9.300000
-1.126714 0.095149 9.300000
-0.994106 0.046494 9.300000
-0.858892 0.005236 9.300000
-0.723678 -0.036022 9.300000
-0.587627 -0.074425 9.300000
-0.451529 -0.112665 9.300000
-0.314503 -0.147268 9.300000
-0.176700 -0.178816 9.300000
-0.038896 -0.210364 9.300000
0.098908 -0.241913 9.300000
0.236711 -0.273461 9.300000
0.374740 -0.304001 9.300000
0.512852 -0.334173 9.300000
0.650963 -0.364345 9.300000
0.789075 -0.394516 9.300000
0.927186 -0.424688 9.300000
1.065594 -0.453465 9.300000
1.204029 -0.482118 9.300000
1.342463 -0.510770 9.300000
1.480898 -0.539423 9.300000
1.619285 -0.568298 9.300000
1.757244 -0.599158 9.300000
1.895204 -0.630017 9.300000
2.033163 -0.660877 9.300000
2.171122 -0.691736 9.300000
2.308887 -0.723426 9.300000
2.446171 -0.757162 9.300000
2.583456 -0.790897 9.300000
2.720740 -0.824633 9.300000
2.858025 -0.858369 9.300000
2.994094 -0.896429 9.300000
3.128850 -0.939160 9.300000
3.263606 -0.981891 9.300000
3.398362 -1.024621 9.300000
3.533118 -1.067352 9.300000
3.666235 -1.114815 9.300000
3.798553 -1.164586 9.300000
3.930871 -1.214356 9.300000
4.063189 -1.264126 9.300000
4.195506 -1.313897 9.300000
4.325882 -1.368510 9.300000
4.455912 -1.423983 9.300000
4.585707 -1.480000 9.300000
4.715185 -1.536750 9.300000
4.844663 -1.593500 9.300000
