2.831835 -0.990308 21.700000
2.816824 -0.981371 21.700000
2.772038 -0.954819 21.700000
2.698230 -0.911168 21.700000
2.596616 -0.851182 21.700000
2.468869 -0.776253 21.700000
2.316834 -0.688380 21.700000
2.142785 -0.590266 21.700000
1.949197 -0.484896 21.700000
1.738907 -0.375422 21.700000
1.515160 -0.264802 21.700000
1.281487 -0.155668 21.700000
1.041682 -0.050619 21.700000
0.799671 0.048124 21.700000
0.559370 0.138303 21.700000
0.441097 0.179494 21.700000
0.324730 0.217773 21.700000
0.210746 0.252930 21.700000
0.099599 0.284807 21.700000
-0.008196 0.313308 21.700000
-0.112119 0.338336 21.700000
-0.211781 0.359798 21.700000
-0.306700 0.377737 21.700000
-0.396459 0.392133 21.700000
-0.480615 0.403045 21.700000
-0.558710 0.410566 21.700000
-0.630478 0.414730 21.700000
-0.695604 0.415470 21.700000
-0.753800 0.412642 21.700000
-0.804993 0.405967 21.700000
-0.848827 0.395616 21.700000
-0.885015 0.382168 21.700000
-0.912957 0.366853 21.700000
-0.932128 0.350929 21.700000
-0.942070 0.335464 21.700000
-0.942757 0.320534 21.700000
-0.934426 0.305459 21.700000
-0.917576 0.289057 21.700000
-0.892691 0.270185 21.700000
-0.860081 0.248441 21.700000
-0.819807 0.223891 21.700000
-0.771964 0.197117 21.700000
-0.716529 0.168662 21.700000
-0.653687 0.138974 21.700000
-0.583739 0.108156 21.700000
-0.506885 0.076365 21.700000
-0.423517 0.043693 21.700000
-0.333959 0.010425 21.700000
-0.238575 -0.023270 21.700000
-0.137715 -0.057058 21.700000
-0.031716 -0.090694 21.700000
0.078956 -0.123931 21.700000
0.193811 -0.156596 21.700000
0.312357 -0.188644 21.700000
0.433970 -0.220283 21.700000
0.683951 -0.282785 21.700000
0.938611 -0.345357 21.700000
1.192888 -0.409023 21.700000
1.441838 -0.474471 21.700000
1.680677 -0.541934 21.700000
1.905122 -0.610931 21.700000
2.111267 -0.680394 21.700000
2.295787 -0.748566 21.700000
2.455982 -0.813104 21.700000
2.589565 -0.871345 21.700000
2.694916 -0.920645 21.700000
2.770797 -0.958368 21.700000
2.816546 -0.982164 21.700000
2.831835 -0.990308 21.700000
