2.700711 -0.910307 23.300000
2.686355 -0.901979 23.300000
2.643526 -0.877237 23.300000
2.572944 -0.836565 23.300000
2.475772 -0.780673 23.300000
2.353616 -0.710867 23.300000
2.208247 -0.629027 23.300000
2.041858 -0.537695 23.300000
1.856828 -0.439679 23.300000
1.655889 -0.337945 23.300000
1.442155 -0.235267 23.300000
1.219007 -0.134107 23.300000
0.990078 -0.036893 23.300000
0.759122 0.054307 23.300000
0.529881 0.137390 23.300000
0.417087 0.175248 23.300000
0.306134 0.210360 23.300000
0.197479 0.242532 23.300000
0.091553 0.271620 23.300000
-0.011152 0.297535 23.300000
-0.110141 0.320194 23.300000
-0.205045 0.339511 23.300000
-0.295405 0.355532 23.300000
-0.380825 0.368243 23.300000
-0.460885 0.377704 23.300000
-0.535151 0.384010 23.300000
-0.603372 0.387194 23.300000
-0.665246 0.387198 23.300000
-0.720498 0.383886 23.300000
-0.769056 0.376995 23.300000
-0.810585 0.366692 23.300000
-0.844816 0.353528 23.300000
-0.871195 0.338679 23.300000
-0.889235 0.323346 23.300000
-0.898514 0.308549 23.300000
-0.899006 0.294359 23.300000
-0.890930 0.280128 23.300000
-0.874747 0.264728 23.300000
-0.850905 0.247068 23.300000
-0.819694 0.226763 23.300000
-0.781173 0.203875 23.300000
-0.735436 0.178955 23.300000
-0.682471 0.152521 23.300000
-0.622456 0.124993 23.300000
-0.555678 0.096470 23.300000
-0.482331 0.067096 23.300000
-0.402785 0.036956 23.300000
-0.317352 0.006315 23.300000
-0.226382 -0.024669 23.300000
-0.130208 -0.055682 23.300000
-0.029154 -0.086495 23.300000
0.076335 -0.116878 23.300000
0.185792 -0.146674 23.300000
0.298747 -0.175845 23.300000
0.414612 -0.204593 23.300000
0.652750 -0.261281 23.300000
0.895334 -0.317983 23.300000
1.137565 -0.375731 23.300000
1.374756 -0.435227 23.300000
1.602363 -0.496747 23.300000
1.816314 -0.559879 23.300000
2.012886 -0.623650 23.300000
2.188900 -0.686426 23.300000
2.341770 -0.746013 23.300000
2.469291 -0.799903 23.300000
2.569898 -0.845603 23.300000
2.642385 -0.880622 23.300000
2.686100 -0.902735 23.300000
2.700711 -0.910307 23.300000
