2.959524 -1.078758 7.000000
2.955848 -1.075720 7.000000
2.943728 -1.069603 7.000000
2.924508 -1.056965 7.000000
2.897648 -1.039530 7.000000
2.863092 -1.017949 7.000000
2.821060 -0.991855 7.000000
2.771802 -0.961428 7.000000
2.715431 -0.926843 7.000000
2.652263 -0.888217 7.000000
2.582528 -0.845901 7.000000
2.506434 -0.800059 7.000000
2.424289 -0.751073 7.000000
2.336487 -0.699087 7.000000
2.243323 -0.644520 7.000000
2.145143 -0.587768 7.000000
2.042171 -0.529447 7.000000
1.934805 -0.470061 7.000000
1.823455 -0.410072 7.000000
1.708511 -0.349891 7.000000
1.590383 -0.289980 7.000000
1.469610 -0.230580 7.000000
1.346580 -0.172100 7.000000
1.221937 -0.114732 7.000000
1.096182 -0.058701 7.000000
0.969879 -0.004170 7.000000
0.843367 0.048069 7.000000
0.717187 0.097906 7.000000
0.591854 0.144798 7.000000
0.467930 0.188806 7.000000
0.345837 0.229376 7.000000
0.226232 0.266714 7.000000
0.109444 0.300254 7.000000
-0.003856 0.330242 7.000000
-0.113254 0.356215 7.000000
-0.218169 0.378543 7.000000
-0.318269 0.396791 7.000000
-0.412928 0.411446 7.000000
-0.501766 0.422326 7.000000
-0.584216 0.429759 7.000000
-0.660142 0.433384 7.000000
-0.729084 0.433480 7.000000
-0.790626 0.430208 7.000000
-0.844437 0.423984 7.000000
-0.890199 0.414826 7.000000
-0.927601 0.403336 7.000000
-0.956027 0.390720 7.000000
-0.975353 0.377067 7.000000
-0.986508 0.359586 7.000000
-0.987564 0.343565 7.000000
-0.979917 0.325176 7.000000
-0.963588 0.304606 7.000000
-0.938311 0.282831 7.000000
-0.904560 0.259040 7.000000
-0.862212 0.233814 7.000000
-0.811745 0.206702 7.000000
-0.753174 0.178155 7.000000
-0.686928 0.147973 7.000000
-0.613267 0.116429 7.000000
-0.532455 0.083531 7.000000
-0.444743 0.049816 7.000000
-0.350655 0.015074 7.000000
-0.250414 -0.020078 7.000000
-0.144626 -0.055956 7.000000
-0.033456 -0.091785 7.000000
0.082397 -0.127889 7.000000
0.202592 -0.163610 7.000000
0.326498 -0.199207 7.000000
0.453644 -0.234377 7.000000
0.583262 -0.269509 7.000000
0.714865 -0.304470 7.000000
0.847562 -0.339740 7.000000
0.980841 -0.375133 7.000000
1.113947 -0.411000 7.000000
1.246327 -0.447139 7.000000
1.377225 -0.484034 7.000000
1.505995 -0.521494 7.000000
1.632005 -0.559780 7.000000
1.754774 -0.598495 7.000000
1.873790 -0.637451 7.000000
1.988593 -0.676437 7.000000
2.098685 -0.715224 7.000000
2.203567 -0.753588 7.000000
2.302844 -0.791385 7.000000
2.396198 -0.828139 7.000000
2.483248 -0.863669 7.000000
2.563715 -0.897515 7.000000
2.637247 -0.929414 7.000000
2.703708 -0.959004 7.000000
2.762827 -0.986051 7.000000
2.814372 -1.010204 7.000000
2.858230 -1.031286 7.000000
2.894254 -1.048843 7.000000
2.922580 -1.062252 7.000000
2.942865 -1.071971 7.000000
2.955417 -1.076904 7.000000
2.959524 -1.078758 7.000000
