2.657077 -0.479520 38.000000
2.642471 -0.473701 38.000000
2.598908 -0.456438 38.000000
2.527131 -0.428084 38.000000
2.428327 -0.389145 38.000000
2.304184 -0.340622 38.000000
2.156620 -0.284031 38.000000
1.988042 -0.221453 38.000000
1.801070 -0.155189 38.000000
1.598673 -0.087642 38.000000
1.384154 -0.020979 38.000000
1.161022 0.042957 38.000000
0.933018 0.102396 38.000000
0.703946 0.155918 38.000000
0.477604 0.202070 38.000000
0.366655 0.221946 38.000000
0.257810 0.239504 38.000000
0.151526 0.254625 38.000000
0.048227 0.267231 38.000000
-0.051614 0.277311 38.000000
-0.147523 0.284853 38.000000
-0.239140 0.289827 38.000000
-0.326043 0.292341 38.000000
-0.407859 0.292437 38.000000
-0.484201 0.290228 38.000000
-0.554677 0.285863 38.000000
-0.619054 0.279410 38.000000
-0.677044 0.270853 38.000000
-0.728368 0.260105 38.000000
-0.772925 0.246929 38.000000
-0.810420 0.231527 38.000000
-0.840681 0.214454 38.000000
-0.863349 0.196889 38.000000
-0.878136 0.180023 38.000000
-0.884785 0.164871 38.000000
-0.883283 0.151504 38.000000
-0.873745 0.139283 38.000000
-0.856448 0.127090 38.000000
-0.831660 0.113836 38.000000
-0.799599 0.099125 38.000000
-0.760330 0.083002 38.000000
-0.714018 0.065974 38.000000
-0.660721 0.048528 38.000000
-0.600666 0.031032 38.000000
-0.534135 0.013538 38.000000
-0.461329 -0.003845 38.000000
-0.382608 -0.021088 38.000000
-0.298300 -0.037986 38.000000
-0.208755 -0.054439 38.000000
-0.114329 -0.070199 38.000000
-0.015357 -0.085097 38.000000
0.087712 -0.098979 38.000000
0.194418 -0.111761 38.000000
0.304317 -0.123474 38.000000
0.416884 -0.134387 38.000000
0.647912 -0.154570 38.000000
0.883109 -0.174153 38.000000
1.118121 -0.194763 38.000000
1.348651 -0.217709 38.000000
1.570478 -0.243878 38.000000
1.779729 -0.273447 38.000000
1.972781 -0.306019 38.000000
2.146429 -0.340503 38.000000
2.297944 -0.375200 38.000000
2.424913 -0.408064 38.000000
2.525526 -0.436976 38.000000
2.598307 -0.459768 38.000000
2.642336 -0.474445 38.000000
2.657077 -0.479520 38.000000
