2.388087 -0.650127 31.500000
2.375213 -0.643647 31.500000
2.336812 -0.624403 31.500000
2.273531 -0.592777 31.500000
2.186416 -0.549327 31.500000
2.076926 -0.495100 31.500000
1.946695 -0.431636 31.500000
1.797751 -0.361025 31.500000
1.632305 -0.285580 31.500000
1.452876 -0.207730 31.500000
1.262306 -0.129720 31.500000
1.063653 -0.053511 31.500000
0.860192 0.018979 31.500000
0.655283 0.086152 31.500000
0.452279 0.146377 31.500000
0.352550 0.173390 31.500000
0.254558 0.198117 31.500000
0.158709 0.220415 31.500000
0.065385 0.240178 31.500000
-0.024982 0.257358 31.500000
-0.111962 0.271905 31.500000
-0.195228 0.283766 31.500000
-0.274385 0.293003 31.500000
-0.349090 0.299626 31.500000
-0.418980 0.303707 31.500000
-0.483686 0.305350 31.500000
-0.542989 0.304600 31.500000
-0.596628 0.301417 31.500000
-0.644355 0.295703 31.500000
-0.686095 0.287229 31.500000
-0.721566 0.276160 31.500000
-0.750563 0.262986 31.500000
-0.772666 0.248757 31.500000
-0.787516 0.234536 31.500000
-0.794798 0.221230 31.500000
-0.794494 0.208904 31.500000
-0.786761 0.196983 31.500000
-0.771940 0.184466 31.500000
-0.750362 0.170384 31.500000
-0.722260 0.154388 31.500000
-0.687688 0.136529 31.500000
-0.646757 0.117280 31.500000
-0.599481 0.097091 31.500000
-0.546037 0.076317 31.500000
-0.486680 0.055027 31.500000
-0.421583 0.033338 31.500000
-0.351074 0.011304 31.500000
-0.275436 -0.010860 31.500000
-0.194979 -0.033038 31.500000
-0.110010 -0.054972 31.500000
-0.020821 -0.076482 31.500000
0.072190 -0.097392 31.500000
0.168611 -0.117588 31.500000
0.268033 -0.137061 31.500000
0.369956 -0.156019 31.500000
0.579314 -0.192904 31.500000
0.792527 -0.229573 31.500000
1.005489 -0.267165 31.500000
1.214171 -0.306534 31.500000
1.414648 -0.348149 31.500000
1.603370 -0.391865 31.500000
1.777060 -0.437030 31.500000
1.932877 -0.482390 31.500000
2.068466 -0.526177 31.500000
2.181787 -0.566330 31.500000
2.271355 -0.600769 31.500000
2.335997 -0.627396 31.500000
2.375031 -0.644315 31.500000
2.388087 -0.650127 31.500000
