3.069046 -1.212829 15.200000
3.052939 -1.202348 15.200000
3.004880 -1.171197 15.200000
2.925673 -1.119978 15.200000
2.816621 -1.049584 15.200000
2.679502 -0.961617 15.200000
2.516256 -0.858357 15.200000
2.329263 -0.742875 15.200000
2.121113 -0.618558 15.200000
1.894786 -0.488998 15.200000
1.653719 -0.357588 15.200000
1.401676 -0.227375 15.200000
1.142714 -0.101382 15.200000
0.881051 0.017777 15.200000
0.620890 0.127448 15.200000
0.492703 0.177916 15.200000
0.366482 0.225099 15.200000
0.242743 0.268746 15.200000
0.121978 0.308664 15.200000
0.004751 0.344724 15.200000
-0.108375 0.376797 15.200000
-0.216973 0.404763 15.200000
-0.320513 0.428648 15.200000
-0.418537 0.448413 15.200000
-0.510555 0.464102 15.200000
-0.596061 0.475798 15.200000
-0.674760 0.483527 15.200000
-0.746310 0.487200 15.200000
-0.810398 0.486647 15.200000
-0.866959 0.481558 15.200000
-0.915592 0.472107 15.200000
-0.955957 0.458915 15.200000
-0.987341 0.443309 15.200000
-1.009112 0.426648 15.200000
-1.020719 0.410087 15.200000
-1.022130 0.393707 15.200000
-1.013635 0.376772 15.200000
-0.995835 0.358005 15.200000
-0.969312 0.336169 15.200000
-0.934424 0.310838 15.200000
-0.891237 0.282085 15.200000
-0.839827 0.250556 15.200000
-0.780147 0.216847 15.200000
-0.712379 0.181456 15.200000
-0.636851 0.144512 15.200000
-0.553776 0.106194 15.200000
-0.463578 0.066623 15.200000
-0.366604 0.026124 15.200000
-0.263245 -0.015100 15.200000
-0.153871 -0.056667 15.200000
-0.038843 -0.098291 15.200000
0.081340 -0.139682 15.200000
0.206146 -0.180629 15.200000
0.335035 -0.221060 15.200000
0.467313 -0.261175 15.200000
0.739327 -0.340851 15.200000
1.016482 -0.420808 15.200000
1.293168 -0.501952 15.200000
1.563921 -0.584820 15.200000
1.823471 -0.669458 15.200000
2.067134 -0.755152 15.200000
2.290663 -0.840553 15.200000
2.490479 -0.923585 15.200000
2.663719 -1.001556 15.200000
2.807985 -1.071436 15.200000
2.921614 -1.130249 15.200000
3.003360 -1.175044 15.200000
3.052600 -1.203207 15.200000
3.069046 -1.212829 15.200000
