2.891039 -1.047626 20.100000
2.875756 -1.038294 20.100000
2.830159 -1.010564 20.100000
2.755014 -0.964974 20.100000
2.651557 -0.902322 20.100000
2.521488 -0.824052 20.100000
2.366674 -0.732236 20.100000
2.189416 -0.629671 20.100000
1.992214 -0.519443 20.100000
1.777942 -0.404816 20.100000
1.549891 -0.288860 20.100000
1.311648 -0.174313 20.100000
1.067073 -0.063882 20.100000
0.820166 0.040111 20.100000
0.574911 0.135308 20.100000
0.454164 0.178888 20.100000
0.335336 0.219462 20.100000
0.218915 0.256809 20.100000
0.105363 0.290761 20.100000
-0.004791 0.321215 20.100000
-0.111017 0.348064 20.100000
-0.212917 0.371209 20.100000
-0.309996 0.390689 20.100000
-0.401827 0.406479 20.100000
-0.487956 0.418632 20.100000
-0.567911 0.427240 20.100000
-0.641421 0.432335 20.100000
-0.708163 0.433844 20.100000
-0.767842 0.431616 20.100000
-0.820389 0.425364 20.100000
-0.865435 0.415260 20.100000
-0.902680 0.401893 20.100000
-0.931495 0.386519 20.100000
-0.951328 0.370418 20.100000
-0.961696 0.354682 20.100000
-0.962572 0.339388 20.100000
-0.954207 0.323841 20.100000
-0.937126 0.306836 20.100000
-0.911838 0.287206 20.100000
-0.878665 0.264545 20.100000
-0.837670 0.238918 20.100000
-0.788942 0.210925 20.100000
-0.732453 0.181123 20.100000
-0.668386 0.149970 20.100000
-0.597048 0.117578 20.100000
-0.518645 0.084109 20.100000
-0.433574 0.049662 20.100000
-0.342166 0.014532 20.100000
-0.244792 -0.021102 20.100000
-0.141806 -0.056895 20.100000
-0.033552 -0.092590 20.100000
0.079497 -0.127930 20.100000
0.196840 -0.162733 20.100000
0.317973 -0.196947 20.100000
0.442254 -0.230775 20.100000
0.697747 -0.297716 20.100000
0.958036 -0.364782 20.100000
1.217920 -0.432965 20.100000
1.472324 -0.502913 20.100000
1.716341 -0.574809 20.100000
1.945588 -0.648113 20.100000
2.156073 -0.721683 20.100000
2.344409 -0.793681 20.100000
2.507855 -0.861674 20.100000
2.644098 -0.922906 20.100000
2.751508 -0.974649 20.100000
2.828846 -1.014187 20.100000
2.875462 -1.039103 20.100000
2.891039 -1.047626 20.100000
