2.397940 -0.612787 33.100000
2.384967 -0.606509 33.100000
2.346270 -0.587866 33.100000
2.282503 -0.557232 33.100000
2.194721 -0.515146 33.100000
2.084398 -0.462634 33.100000
1.953192 -0.401209 33.100000
1.803165 -0.332931 33.100000
1.636562 -0.260077 33.100000
1.455940 -0.185036 33.100000
1.264176 -0.110009 33.100000
1.064359 -0.036909 33.100000
0.859791 0.032398 33.100000
0.653859 0.096366 33.100000
0.449940 0.153416 33.100000
0.349802 0.178869 33.100000
0.251436 0.202065 33.100000
0.155251 0.222864 33.100000
0.061630 0.241169 33.100000
-0.028995 0.256937 33.100000
-0.116191 0.270125 33.100000
-0.199631 0.280685 33.100000
-0.278923 0.288686 33.100000
-0.353722 0.294143 33.100000
-0.423668 0.297133 33.100000
-0.488391 0.297766 33.100000
-0.547676 0.296090 33.100000
-0.601258 0.292072 33.100000
-0.648890 0.285613 33.100000
-0.690493 0.276489 33.100000
-0.725787 0.264868 33.100000
-0.754575 0.251244 33.100000
-0.776454 0.236671 33.100000
-0.791080 0.222220 33.100000
-0.798153 0.208803 33.100000
-0.797657 0.196482 33.100000
-0.789739 0.184683 33.100000
-0.774724 0.172399 33.100000
-0.752929 0.158655 33.100000
-0.724581 0.143100 33.100000
-0.689735 0.125782 33.100000
-0.648508 0.107175 33.100000
-0.600923 0.087725 33.100000
-0.547161 0.067788 33.100000
-0.487479 0.047427 33.100000
-0.422052 0.026756 33.100000
-0.351208 0.005825 33.100000
-0.275233 -0.015157 33.100000
-0.194440 -0.036076 33.100000
-0.109139 -0.056682 33.100000
-0.019626 -0.076798 33.100000
0.073701 -0.096254 33.100000
0.170426 -0.114943 33.100000
0.270139 -0.132863 33.100000
0.372345 -0.150228 33.100000
0.582253 -0.183842 33.100000
0.796012 -0.217179 33.100000
1.009535 -0.251444 33.100000
1.218806 -0.287552 33.100000
1.419908 -0.326035 33.100000
1.609289 -0.366801 33.100000
1.783662 -0.409250 33.100000
1.940169 -0.452174 33.100000
2.076424 -0.493840 33.100000
2.190358 -0.532220 33.100000
2.280452 -0.565257 33.100000
2.345501 -0.590872 33.100000
2.384795 -0.607180 33.100000
2.397940 -0.612787 33.100000
