2.949785 -1.105110 18.400000
2.934234 -1.095382 18.400000
2.887835 -1.066472 18.400000
2.811365 -1.018941 18.400000
2.706084 -0.953620 18.400000
2.573717 -0.872006 18.400000
2.416153 -0.776244 18.400000
2.235717 -0.669221 18.400000
2.034937 -0.554129 18.400000
1.816720 -0.434342 18.400000
1.584403 -0.313041 18.400000
1.341632 -0.193070 18.400000
1.092329 -0.077246 18.400000
0.840565 0.032011 18.400000
0.590396 0.132237 18.400000
0.467194 0.178214 18.400000
0.345924 0.221091 18.400000
0.227084 0.260635 18.400000
0.111145 0.296670 18.400000
-0.001352 0.329083 18.400000
-0.109866 0.357762 18.400000
-0.213989 0.382597 18.400000
-0.313215 0.403625 18.400000
-0.407106 0.420815 18.400000
-0.495195 0.434217 18.400000
-0.577001 0.443920 18.400000
-0.652243 0.449952 18.400000
-0.720592 0.452236 18.400000
-0.781748 0.450615 18.400000
-0.835642 0.444792 18.400000
-0.881896 0.434941 18.400000
-0.920195 0.421662 18.400000
-0.949881 0.406232 18.400000
-0.970375 0.389959 18.400000
-0.981169 0.373955 18.400000
-0.982236 0.358298 18.400000
-0.973840 0.342280 18.400000
-0.956531 0.324673 18.400000
-0.930845 0.304285 18.400000
-0.897115 0.280705 18.400000
-0.855407 0.254002 18.400000
-0.805803 0.224788 18.400000
-0.748269 0.193636 18.400000
-0.682988 0.161016 18.400000
-0.610274 0.127047 18.400000
-0.530333 0.091895 18.400000
-0.443574 0.055669 18.400000
-0.350330 0.018673 18.400000
-0.250981 -0.018906 18.400000
-0.145886 -0.056710 18.400000
-0.035393 -0.094472 18.400000
0.080016 -0.131923 18.400000
0.199828 -0.168871 18.400000
0.323529 -0.205258 18.400000
0.450460 -0.241284 18.400000
0.711429 -0.312682 18.400000
0.977309 -0.384259 18.400000
1.242761 -0.456978 18.400000
1.502581 -0.531443 18.400000
1.751739 -0.607789 18.400000
1.985752 -0.685414 18.400000
2.200545 -0.763103 18.400000
2.392666 -0.838936 18.400000
2.559336 -0.910393 18.400000
2.698216 -0.974622 18.400000
2.807667 -1.028813 18.400000
2.886450 -1.070169 18.400000
2.933924 -1.096208 18.400000
2.949785 -1.105110 18.400000
