3.065349 -1.222144 10.300000
3.061595 -1.218847 10.300000
3.049094 -1.212063 10.300000
3.029363 -1.198228 10.300000
3.001782 -1.179132 10.300000
2.966271 -1.155453 10.300000
2.923073 -1.126814 10.300000
2.872443 -1.093413 10.300000
2.814496 -1.055435 10.300000
2.749557 -1.013013 10.300000
2.677857 -0.966521 10.300000
2.599608 -0.916140 10.300000
2.515120 -0.862276 10.300000
2.424803 -0.805093 10.300000
2.328952 -0.745041 10.300000
2.227918 -0.682543 10.300000
2.121914 -0.618253 10.300000
2.011341 -0.552711 10.300000
1.896616 -0.486413 10.300000
1.778133 -0.419800 10.300000
1.656308 -0.353371 10.300000
1.531698 -0.287395 10.300000
1.404694 -0.222312 10.300000
1.275968 -0.158342 10.300000
1.146034 -0.095738 10.300000
1.015481 -0.034687 10.300000
0.884637 0.023970 10.300000
0.754065 0.080103 10.300000
0.624288 0.133123 10.300000
0.495897 0.183081 10.300000
0.369315 0.229380 10.300000
0.245237 0.272218 10.300000
0.123991 0.310990 10.300000
0.006286 0.345934 10.300000
-0.107458 0.376552 10.300000
-0.216623 0.403213 10.300000
-0.320872 0.425450 10.300000
-0.419536 0.443756 10.300000
-0.512223 0.457926 10.300000
-0.598328 0.468287 10.300000
-0.677721 0.474457 10.300000
-0.749911 0.476712 10.300000
-0.814457 0.475210 10.300000
-0.871000 0.470375 10.300000
-0.919206 0.462215 10.300000
-0.958731 0.451353 10.300000
-0.988891 0.439030 10.300000
-1.009555 0.425338 10.300000
-1.021783 0.407381 10.300000
-1.023390 0.390638 10.300000
-1.015957 0.371143 10.300000
-0.999502 0.349093 10.300000
-0.973713 0.325501 10.300000
-0.939114 0.299532 10.300000
-0.895558 0.271793 10.300000
-0.843559 0.241825 10.300000
-0.783119 0.210101 10.300000
-0.714693 0.176425 10.300000
-0.638544 0.141091 10.300000
-0.554950 0.104115 10.300000
-0.464156 0.066069 10.300000
-0.366718 0.026747 10.300000
-0.262850 -0.013197 10.300000
-0.153195 -0.054074 10.300000
-0.037903 -0.095067 10.300000
0.082284 -0.136495 10.300000
0.207030 -0.177658 10.300000
0.335665 -0.218807 10.300000
0.467707 -0.259610 10.300000
0.602339 -0.300450 10.300000
0.739055 -0.341174 10.300000
0.876906 -0.382256 10.300000
1.015363 -0.423485 10.300000
1.153623 -0.465204 10.300000
1.291116 -0.507185 10.300000
1.427033 -0.549911 10.300000
1.560704 -0.593163 10.300000
1.691459 -0.637195 10.300000
1.818806 -0.681573 10.300000
1.942216 -0.726087 10.300000
2.061214 -0.770499 10.300000
2.175284 -0.814557 10.300000
2.283912 -0.858009 10.300000
2.386689 -0.900691 10.300000
2.483296 -0.942097 10.300000
2.573340 -0.982024 10.300000
2.656543 -1.019981 10.300000
2.732545 -1.055683 10.300000
2.801215 -1.088745 10.300000
2.862275 -1.118916 10.300000
2.915496 -1.145819 10.300000
2.960763 -1.169267 10.300000
2.997937 -1.188778 10.300000
3.027180 -1.203705 10.300000
3.048117 -1.214516 10.300000
3.061106 -1.220074 10.300000
3.065349 -1.222144 10.300000
