2.482076 -0.584634 34.700000
2.468590 -0.578419 34.700000
2.428365 -0.559967 34.700000
2.362082 -0.529649 34.700000
2.270838 -0.488002 34.700000
2.156172 -0.436053 34.700000
2.019821 -0.375328 34.700000
1.863948 -0.307910 34.700000
1.690910 -0.236099 34.700000
1.503389 -0.162309 34.700000
1.304391 -0.088750 34.700000
1.097134 -0.017332 34.700000
0.885058 0.050086 34.700000
0.671680 0.111978 34.700000
0.460510 0.166782 34.700000
0.356861 0.191056 34.700000
0.255082 0.213039 34.700000
0.155595 0.232595 34.700000
0.058799 0.249631 34.700000
-0.034862 0.264112 34.700000
-0.124941 0.276003 34.700000
-0.211100 0.285259 34.700000
-0.292936 0.291960 34.700000
-0.370094 0.296127 34.700000
-0.442204 0.297847 34.700000
-0.508889 0.297242 34.700000
-0.569927 0.294363 34.700000
-0.625045 0.289182 34.700000
-0.673986 0.281603 34.700000
-0.716665 0.271396 34.700000
-0.752796 0.258738 34.700000
-0.782186 0.244144 34.700000
-0.804440 0.228707 34.700000
-0.819226 0.213537 34.700000
-0.826252 0.199577 34.700000
-0.825501 0.186896 34.700000
-0.817115 0.174895 34.700000
-0.801409 0.162533 34.700000
-0.778691 0.148799 34.700000
-0.749186 0.133326 34.700000
-0.712954 0.116164 34.700000
-0.670124 0.097797 34.700000
-0.620728 0.078687 34.700000
-0.564959 0.059194 34.700000
-0.503084 0.039380 34.700000
-0.435284 0.019359 34.700000
-0.361899 -0.000826 34.700000
-0.283228 -0.020963 34.700000
-0.199595 -0.040942 34.700000
-0.111324 -0.060511 34.700000
-0.018724 -0.079493 34.700000
0.077792 -0.097720 34.700000
0.177793 -0.115092 34.700000
0.280858 -0.131614 34.700000
0.386480 -0.147515 34.700000
0.603364 -0.178061 34.700000
0.824210 -0.208248 34.700000
1.044829 -0.239395 34.700000
1.261105 -0.272523 34.700000
1.469013 -0.308255 34.700000
1.664890 -0.346568 34.700000
1.845341 -0.386906 34.700000
2.007395 -0.428081 34.700000
2.148564 -0.468353 34.700000
2.266676 -0.505675 34.700000
2.360126 -0.537956 34.700000
2.427632 -0.563078 34.700000
2.468426 -0.579114 34.700000
2.482076 -0.584634 34.700000
