2.639406 -0.856831 24.900000
2.625338 -0.848880 24.900000
2.583369 -0.825258 24.900000
2.514205 -0.786428 24.900000
2.418986 -0.733071 24.900000
2.299290 -0.666439 24.900000
2.156863 -0.588343 24.900000
1.993866 -0.501236 24.900000
1.812648 -0.407824 24.900000
1.615899 -0.310965 24.900000
1.406683 -0.213327 24.900000
1.188317 -0.117270 24.900000
0.964366 -0.025119 24.900000
0.738506 0.061156 24.900000
0.514406 0.139547 24.900000
0.404174 0.175176 24.900000
0.295764 0.208151 24.900000
0.189624 0.238290 24.900000
0.086174 0.265454 24.900000
-0.014104 0.289566 24.900000
-0.110730 0.310547 24.900000
-0.203340 0.328319 24.900000
-0.291492 0.342931 24.900000
-0.374798 0.354375 24.900000
-0.452849 0.362713 24.900000
-0.525225 0.368042 24.900000
-0.591681 0.370399 24.900000
-0.651923 0.369727 24.900000
-0.705681 0.365900 24.900000
-0.752884 0.358661 24.900000
-0.793204 0.348176 24.900000
-0.826390 0.334986 24.900000
-0.851910 0.320241 24.900000
-0.869308 0.305116 24.900000
-0.878180 0.290608 24.900000
-0.878504 0.276786 24.900000
-0.870486 0.263019 24.900000
-0.854562 0.248202 24.900000
-0.831156 0.231268 24.900000
-0.800547 0.211839 24.900000
-0.762792 0.189974 24.900000
-0.717990 0.166211 24.900000
-0.666134 0.141052 24.900000
-0.607401 0.114906 24.900000
-0.542074 0.087863 24.900000
-0.470340 0.060064 24.900000
-0.392564 0.031587 24.900000
-0.309051 0.002686 24.900000
-0.220141 -0.026488 24.900000
-0.126166 -0.055633 24.900000
-0.027441 -0.084531 24.900000
0.075597 -0.112962 24.900000
0.182491 -0.140778 24.900000
0.292786 -0.167947 24.900000
0.405908 -0.194673 24.900000
0.638383 -0.247267 24.900000
0.875187 -0.299828 24.900000
1.111659 -0.353409 24.900000
1.343243 -0.408749 24.900000
1.565517 -0.466163 24.900000
1.774513 -0.525295 24.900000
1.966596 -0.585239 24.900000
2.138653 -0.644440 24.900000
2.288140 -0.700787 24.900000
2.412885 -0.751864 24.900000
2.511337 -0.795261 24.900000
2.582295 -0.828566 24.900000
2.625098 -0.849619 24.900000
2.639406 -0.856831 24.900000
