3.008207 -1.162460 8.600000
3.004505 -1.159277 8.600000
2.992219 -1.152778 8.600000
2.972793 -1.139463 8.600000
2.945642 -1.121088 8.600000
2.910694 -1.098317 8.600000
2.868183 -1.070780 8.600000
2.818360 -1.038665 8.600000
2.761338 -1.002155 8.600000
2.697438 -0.961374 8.600000
2.626888 -0.916686 8.600000
2.549899 -0.868265 8.600000
2.466776 -0.816506 8.600000
2.377923 -0.761564 8.600000
2.283632 -0.703876 8.600000
2.184250 -0.643851 8.600000
2.079993 -0.582127 8.600000
1.971258 -0.519226 8.600000
1.858459 -0.455630 8.600000
1.741983 -0.391766 8.600000
1.622244 -0.328116 8.600000
1.499787 -0.264937 8.600000
1.375001 -0.202656 8.600000
1.248543 -0.141480 8.600000
1.120919 -0.081652 8.600000
0.992706 -0.023348 8.600000
0.864233 0.032613 8.600000
0.736053 0.086110 8.600000
0.608683 0.136575 8.600000
0.482697 0.184060 8.600000
0.358518 0.227990 8.600000
0.236822 0.268563 8.600000
0.117935 0.305193 8.600000
0.002550 0.338118 8.600000
-0.108921 0.366857 8.600000
-0.215876 0.391776 8.600000
-0.317981 0.412424 8.600000
-0.414588 0.429288 8.600000
-0.505310 0.442172 8.600000
-0.589561 0.451403 8.600000
-0.667209 0.456608 8.600000
-0.737778 0.458062 8.600000
-0.800838 0.455923 8.600000
-0.856042 0.450611 8.600000
-0.903065 0.442137 8.600000
-0.941577 0.431111 8.600000
-0.970922 0.418756 8.600000
-0.990973 0.405161 8.600000
-1.002736 0.387487 8.600000
-1.004132 0.371108 8.600000
-0.996667 0.352135 8.600000
-0.980357 0.330758 8.600000
-0.954911 0.307971 8.600000
-0.920830 0.282954 8.600000
-0.877978 0.256299 8.600000
-0.826853 0.227553 8.600000
-0.767460 0.197180 8.600000
-0.700243 0.164982 8.600000
-0.625462 0.131244 8.600000
-0.543388 0.095979 8.600000
-0.454268 0.059742 8.600000
-0.358641 0.022328 8.600000
-0.256724 -0.015627 8.600000
-0.149143 -0.054433 8.600000
-0.036052 -0.093295 8.600000
0.081827 -0.132531 8.600000
0.204159 -0.171460 8.600000
0.330291 -0.210336 8.600000
0.459748 -0.248837 8.600000
0.591737 -0.287349 8.600000
0.725761 -0.325725 8.600000
0.860899 -0.364439 8.600000
0.996629 -0.403290 8.600000
1.132173 -0.442622 8.600000
1.266970 -0.482219 8.600000
1.400234 -0.522560 8.600000
1.531309 -0.563438 8.600000
1.659542 -0.605108 8.600000
1.784449 -0.647153 8.600000
1.905510 -0.689370 8.600000
2.022258 -0.731535 8.600000
2.134187 -0.773405 8.600000
2.240792 -0.814738 8.600000
2.341670 -0.855380 8.600000
2.436506 -0.894839 8.600000
2.524913 -0.932921 8.600000
2.606615 -0.969149 8.600000
2.681256 -1.003248 8.600000
2.748706 -1.034844 8.600000
2.808688 -1.063693 8.600000
2.860976 -1.089431 8.600000
2.905455 -1.111874 8.600000
2.941984 -1.130554 8.600000
2.970716 -1.144838 8.600000
2.991289 -1.155184 8.600000
3.004040 -1.160481 8.600000
3.008207 -1.162460 8.600000
