3.008775 -1.160990 16.800000
2.992952 -1.150874 16.800000
2.945741 -1.120812 16.800000
2.867932 -1.071384 16.800000
2.760805 -1.003453 16.800000
2.626113 -0.918571 16.800000
2.465766 -0.818951 16.800000
2.282118 -0.707573 16.800000
2.077723 -0.587730 16.800000
1.855524 -0.462906 16.800000
1.618906 -0.336390 16.800000
1.371571 -0.211131 16.800000
1.117507 -0.090051 16.800000
0.860858 0.024330 16.800000
0.605752 0.129450 16.800000
0.480084 0.177757 16.800000
0.356363 0.222870 16.800000
0.235096 0.264547 16.800000
0.116765 0.302603 16.800000
0.001920 0.336916 16.800000
-0.108884 0.367365 16.800000
-0.215231 0.393837 16.800000
-0.316604 0.416361 16.800000
-0.412553 0.434902 16.800000
-0.502600 0.449507 16.800000
-0.586252 0.460262 16.800000
-0.663222 0.467193 16.800000
-0.733172 0.470218 16.800000
-0.795797 0.469172 16.800000
-0.851030 0.463752 16.800000
-0.898482 0.454132 16.800000
-0.937825 0.440921 16.800000
-0.968371 0.425423 16.800000
-0.989515 0.408969 16.800000
-1.000727 0.392693 16.800000
-1.001976 0.376675 16.800000
-0.993541 0.360192 16.800000
-0.975998 0.341993 16.800000
-0.949906 0.320863 16.800000
-0.915612 0.296384 16.800000
-0.873181 0.268627 16.800000
-0.822692 0.238221 16.800000
-0.764104 0.205751 16.800000
-0.697599 0.171700 16.800000
-0.623498 0.136194 16.800000
-0.542011 0.099404 16.800000
-0.453554 0.061446 16.800000
-0.358467 0.022634 16.800000
-0.257135 -0.016835 16.800000
-0.149922 -0.056592 16.800000
-0.037183 -0.096361 16.800000
0.080592 -0.135861 16.800000
0.202881 -0.174890 16.800000
0.329155 -0.213383 16.800000
0.458740 -0.251541 16.800000
0.725193 -0.327255 16.800000
0.996671 -0.403204 16.800000
1.267701 -0.480316 16.800000
1.532946 -0.559159 16.800000
1.787257 -0.639822 16.800000
2.026051 -0.721640 16.800000
2.245167 -0.803333 16.800000
2.441091 -0.882897 16.800000
2.611005 -0.957725 16.800000
2.752539 -1.024876 16.800000
2.864046 -1.081453 16.800000
2.944286 -1.124583 16.800000
2.992627 -1.151717 16.800000
3.008775 -1.160990 16.800000
