2.451242 -0.702790 29.800000
2.438069 -0.695936 29.800000
2.398773 -0.675579 29.800000
2.334018 -0.642123 29.800000
2.244872 -0.596156 29.800000
2.132825 -0.538777 29.800000
1.999536 -0.471594 29.800000
1.847070 -0.396791 29.800000
1.677669 -0.316778 29.800000
1.493895 -0.234095 29.800000
1.298647 -0.151094 29.800000
1.095047 -0.069836 29.800000
0.886441 0.007658 29.800000
0.676271 0.079694 29.800000
0.467967 0.144545 29.800000
0.365598 0.173753 29.800000
0.264988 0.200583 29.800000
0.166552 0.224879 29.800000
0.070682 0.246530 29.800000
-0.022178 0.265478 29.800000
-0.111585 0.281668 29.800000
-0.197202 0.295038 29.800000
-0.278623 0.305649 29.800000
-0.355493 0.313505 29.800000
-0.427438 0.318675 29.800000
-0.494076 0.321263 29.800000
-0.555181 0.321310 29.800000
-0.610484 0.318773 29.800000
-0.659732 0.313546 29.800000
-0.702851 0.305394 29.800000
-0.739546 0.294480 29.800000
-0.769602 0.281310 29.800000
-0.792569 0.266956 29.800000
-0.808064 0.252511 29.800000
-0.815750 0.238904 29.800000
-0.815608 0.226201 29.800000
-0.807806 0.213813 29.800000
-0.792709 0.200713 29.800000
-0.770675 0.185907 29.800000
-0.741945 0.169039 29.800000
-0.706575 0.150162 29.800000
-0.664674 0.129766 29.800000
-0.616249 0.108313 29.800000
-0.561478 0.086173 29.800000
-0.500622 0.063419 29.800000
-0.433858 0.040175 29.800000
-0.361524 0.016500 29.800000
-0.283907 -0.007380 29.800000
-0.201326 -0.031339 29.800000
-0.114094 -0.055112 29.800000
-0.022508 -0.078505 29.800000
0.073025 -0.101332 29.800000
0.172079 -0.123472 29.800000
0.274235 -0.144908 29.800000
0.378975 -0.165848 29.800000
0.594148 -0.206742 29.800000
0.813295 -0.247467 29.800000
1.032170 -0.289140 29.800000
1.246612 -0.332584 29.800000
1.452571 -0.378228 29.800000
1.646390 -0.425875 29.800000
1.824702 -0.474805 29.800000
1.984600 -0.523691 29.800000
2.123679 -0.570676 29.800000
2.239868 -0.613608 29.800000
2.331666 -0.650326 29.800000
2.397892 -0.678652 29.800000
2.437872 -0.696622 29.800000
2.451242 -0.702790 29.800000
