3.132128 -1.257139 13.500000
3.128296 -1.253759 13.500000
3.115528 -1.246791 13.500000
3.095381 -1.232595 13.500000
3.067218 -1.213000 13.500000
3.030955 -1.188699 13.500000
2.986844 -1.159308 13.500000
2.935142 -1.125028 13.500000
2.875967 -1.086051 13.500000
2.809653 -1.042512 13.500000
2.736433 -0.994795 13.500000
2.656524 -0.943084 13.500000
2.570243 -0.887797 13.500000
2.478009 -0.829102 13.500000
2.380121 -0.767459 13.500000
2.276938 -0.703303 13.500000
2.168676 -0.637303 13.500000
2.055745 -0.570010 13.500000
1.938570 -0.501935 13.500000
1.817551 -0.433530 13.500000
1.693115 -0.365304 13.500000
1.565828 -0.297535 13.500000
1.436092 -0.230673 13.500000
1.304591 -0.164946 13.500000
1.171852 -0.100613 13.500000
1.038476 -0.037867 13.500000
0.904796 0.022431 13.500000
0.771389 0.080146 13.500000
0.638789 0.134677 13.500000
0.507597 0.186072 13.500000
0.378248 0.233722 13.500000
0.251451 0.277826 13.500000
0.127541 0.317765 13.500000
0.007244 0.353780 13.500000
-0.109013 0.385362 13.500000
-0.220595 0.412886 13.500000
-0.327161 0.435874 13.500000
-0.428024 0.454828 13.500000
-0.522784 0.469539 13.500000
-0.610822 0.480339 13.500000
-0.692004 0.486835 13.500000
-0.765829 0.489312 13.500000
-0.831845 0.487928 13.500000
-0.889685 0.483116 13.500000
-0.939005 0.474885 13.500000
-0.979454 0.463869 13.500000
-1.010329 0.451337 13.500000
-1.031495 0.437382 13.500000
-1.044043 0.419046 13.500000
-1.045726 0.401926 13.500000
-1.038170 0.381971 13.500000
-1.021392 0.359381 13.500000
-0.995073 0.335192 13.500000
-0.959749 0.308552 13.500000
-0.915269 0.280080 13.500000
-0.862159 0.249308 13.500000
-0.800420 0.216721 13.500000
-0.730518 0.182118 13.500000
-0.652722 0.145802 13.500000
-0.567315 0.107789 13.500000
-0.474548 0.068664 13.500000
-0.374989 0.028219 13.500000
-0.268854 -0.012877 13.500000
-0.156804 -0.054942 13.500000
-0.038988 -0.097138 13.500000
0.083833 -0.139791 13.500000
0.211316 -0.182183 13.500000
0.342778 -0.224570 13.500000
0.477724 -0.266611 13.500000
0.615319 -0.308697 13.500000
0.755046 -0.350669 13.500000
0.895933 -0.393009 13.500000
1.037438 -0.435501 13.500000
1.178743 -0.478493 13.500000
1.319261 -0.521752 13.500000
1.458166 -0.565770 13.500000
1.594773 -0.610320 13.500000
1.728395 -0.655660 13.500000
1.858532 -0.701347 13.500000
1.984641 -0.747163 13.500000
2.106238 -0.792865 13.500000
2.222797 -0.838193 13.500000
2.333792 -0.882889 13.500000
2.438803 -0.926783 13.500000
2.537508 -0.969357 13.500000
2.629504 -1.010403 13.500000
2.714508 -1.049419 13.500000
2.792153 -1.086111 13.500000
2.862306 -1.120087 13.500000
2.924683 -1.151087 13.500000
2.979050 -1.178727 13.500000
3.025290 -1.202814 13.500000
3.063262 -1.222856 13.500000
3.093135 -1.238191 13.500000
3.114522 -1.249297 13.500000
3.127794 -1.255012 13.500000
3.132128 -1.257139 13.500000
