2.577237 -0.804892 26.600000
2.563463 -0.797309 26.600000
2.522374 -0.774784 26.600000
2.454661 -0.737758 26.600000
2.361440 -0.686883 26.600000
2.244261 -0.623359 26.600000
2.104843 -0.548929 26.600000
1.945312 -0.465955 26.600000
1.767986 -0.377046 26.600000
1.575512 -0.284953 26.600000
1.370901 -0.192237 26.600000
1.157404 -0.101159 26.600000
0.938516 -0.013941 26.600000
0.717836 0.067538 26.600000
0.498953 0.141366 26.600000
0.391319 0.174830 26.600000
0.285487 0.205732 26.600000
0.181893 0.233899 26.600000
0.080951 0.259201 26.600000
-0.016873 0.281568 26.600000
-0.111110 0.300930 26.600000
-0.201406 0.317212 26.600000
-0.287329 0.330469 26.600000
-0.368503 0.340696 26.600000
-0.444530 0.347959 26.600000
-0.515004 0.352356 26.600000
-0.579685 0.353925 26.600000
-0.638288 0.352615 26.600000
-0.690549 0.348307 26.600000
-0.736394 0.340750 26.600000
-0.775508 0.330111 26.600000
-0.807651 0.316917 26.600000
-0.832320 0.302294 26.600000
-0.849081 0.287389 26.600000
-0.857555 0.273177 26.600000
-0.857720 0.259726 26.600000
-0.849770 0.246419 26.600000
-0.834116 0.232177 26.600000
-0.811159 0.215956 26.600000
-0.781167 0.197387 26.600000
-0.744197 0.176525 26.600000
-0.700351 0.153893 26.600000
-0.649625 0.129980 26.600000
-0.592199 0.105181 26.600000
-0.528347 0.079583 26.600000
-0.458254 0.053317 26.600000
-0.382274 0.026458 26.600000
-0.300708 -0.000751 26.600000
-0.213890 -0.028166 26.600000
-0.122142 -0.055500 26.600000
-0.025778 -0.082540 26.600000
0.074778 -0.109080 26.600000
0.179080 -0.134978 26.600000
0.286683 -0.160211 26.600000
0.397032 -0.184981 26.600000
0.623782 -0.233621 26.600000
0.854743 -0.282180 26.600000
1.085393 -0.331736 26.600000
1.311306 -0.383056 26.600000
1.528185 -0.436495 26.600000
1.732163 -0.491750 26.600000
1.919695 -0.547980 26.600000
2.087736 -0.603704 26.600000
2.233787 -0.656897 26.600000
2.355709 -0.705233 26.600000
2.451967 -0.746383 26.600000
2.521365 -0.778014 26.600000
2.563238 -0.798030 26.600000
2.577237 -0.804892 26.600000
