3.130260 -1.261785 11.900000
3.126433 -1.258398 11.900000
3.113675 -1.251412 11.900000
3.093549 -1.237186 11.900000
3.065415 -1.217549 11.900000
3.029189 -1.193194 11.900000
2.985121 -1.163738 11.900000
2.933470 -1.129381 11.900000
2.874353 -1.090317 11.900000
2.808103 -1.046679 11.900000
2.734954 -0.998853 11.900000
2.655122 -0.947024 11.900000
2.568924 -0.891609 11.900000
2.476776 -0.832777 11.900000
2.378980 -0.770989 11.900000
2.275892 -0.706680 11.900000
2.167728 -0.640519 11.900000
2.054897 -0.573059 11.900000
1.937823 -0.504810 11.900000
1.816906 -0.436225 11.900000
1.692571 -0.367815 11.900000
1.565385 -0.299857 11.900000
1.435748 -0.232804 11.900000
1.304345 -0.166882 11.900000
1.171701 -0.102352 11.900000
1.038418 -0.039408 11.900000
0.904828 0.021088 11.900000
0.771507 0.079002 11.900000
0.638988 0.133729 11.900000
0.507873 0.185319 11.900000
0.378594 0.233161 11.900000
0.251863 0.277453 11.900000
0.128012 0.317575 11.900000
0.007769 0.353769 11.900000
-0.108441 0.385524 11.900000
-0.219983 0.413213 11.900000
-0.326514 0.436359 11.900000
-0.427349 0.455463 11.900000
-0.522087 0.470314 11.900000
-0.610108 0.481244 11.900000
-0.691281 0.487861 11.900000
-0.765102 0.490448 11.900000
-0.831120 0.489161 11.900000
-0.888967 0.484435 11.900000
-0.938299 0.476277 11.900000
-0.978765 0.465321 11.900000
-1.009658 0.452836 11.900000
-1.030845 0.438912 11.900000
-1.043420 0.420595 11.900000
-1.045128 0.403477 11.900000
-1.037602 0.383511 11.900000
-1.020858 0.360896 11.900000
-0.994575 0.336668 11.900000
-0.959291 0.309975 11.900000
-0.914852 0.281437 11.900000
-0.861788 0.250586 11.900000
-0.800097 0.217908 11.900000
-0.730247 0.183202 11.900000
-0.652505 0.146770 11.900000
-0.567155 0.108630 11.900000
-0.474446 0.069368 11.900000
-0.374947 0.028775 11.900000
-0.268873 -0.012479 11.900000
-0.156885 -0.054709 11.900000
-0.039132 -0.097080 11.900000
0.083625 -0.139915 11.900000
0.211046 -0.182496 11.900000
0.342444 -0.225079 11.900000
0.477328 -0.267320 11.900000
0.614861 -0.309610 11.900000
0.754525 -0.351788 11.900000
0.895349 -0.394338 11.900000
1.036791 -0.437039 11.900000
1.178032 -0.480241 11.900000
1.318486 -0.523709 11.900000
1.457325 -0.567933 11.900000
1.593866 -0.612685 11.900000
1.727420 -0.658223 11.900000
1.857490 -0.704103 11.900000
1.983531 -0.750106 11.900000
2.105060 -0.795989 11.900000
2.221551 -0.841490 11.900000
2.332479 -0.886350 11.900000
2.437425 -0.930400 11.900000
2.536067 -0.973121 11.900000
2.628002 -1.014303 11.900000
2.712948 -1.053445 11.900000
2.790539 -1.090252 11.900000
2.860641 -1.124332 11.900000
2.922972 -1.155425 11.900000
2.977298 -1.183145 11.900000
3.023502 -1.207301 11.900000
3.061445 -1.227399 11.900000
3.091295 -1.242779 11.900000
3.112665 -1.253916 11.900000
3.125928 -1.259650 11.900000
3.130260 -1.261785 11.900000
