2.495069 -0.526430 36.400000
2.481441 -0.520532 36.400000
2.440796 -0.503026 36.400000
2.373822 -0.474266 36.400000
2.281629 -0.434764 36.400000
2.165780 -0.385511 36.400000
2.028045 -0.327992 36.400000
1.870638 -0.264237 36.400000
1.695969 -0.196492 36.400000
1.506774 -0.127107 36.400000
1.306110 -0.058222 36.400000
1.097240 0.008330 36.400000
0.883645 0.070770 36.400000
0.668878 0.127654 36.400000
0.456484 0.177506 36.400000
0.352295 0.199349 36.400000
0.250030 0.218945 36.400000
0.150113 0.236170 36.400000
0.052945 0.250937 36.400000
-0.041029 0.263224 36.400000
-0.131362 0.273006 36.400000
-0.217713 0.280244 36.400000
-0.299683 0.285030 36.400000
-0.376917 0.287391 36.400000
-0.449048 0.287425 36.400000
-0.515701 0.285260 36.400000
-0.576655 0.280955 36.400000
-0.631637 0.274486 36.400000
-0.680387 0.265764 36.400000
-0.722816 0.254562 36.400000
-0.758640 0.241063 36.400000
-0.787682 0.225785 36.400000
-0.809569 0.209832 36.400000
-0.823996 0.194320 36.400000
-0.830693 0.180201 36.400000
-0.829646 0.167540 36.400000
-0.820982 0.155739 36.400000
-0.804991 0.143747 36.400000
-0.781958 0.130548 36.400000
-0.752099 0.115770 36.400000
-0.715476 0.099460 36.400000
-0.672228 0.082099 36.400000
-0.622398 0.064150 36.400000
-0.566189 0.045966 36.400000
-0.503867 0.027605 36.400000
-0.435618 0.009174 36.400000
-0.361781 -0.009289 36.400000
-0.282661 -0.027581 36.400000
-0.198583 -0.045598 36.400000
-0.109879 -0.063097 36.400000
-0.016860 -0.079909 36.400000
0.080056 -0.095874 36.400000
0.180436 -0.110903 36.400000
0.283859 -0.125010 36.400000
0.389824 -0.138437 36.400000
0.607363 -0.163903 36.400000
0.828854 -0.188917 36.400000
1.050142 -0.214896 36.400000
1.267133 -0.242957 36.400000
1.475819 -0.273817 36.400000
1.672539 -0.307539 36.400000
1.853884 -0.343646 36.400000
2.016857 -0.381020 36.400000
2.158929 -0.417980 36.400000
2.277881 -0.452529 36.400000
2.372061 -0.482616 36.400000
2.440136 -0.506153 36.400000
2.481294 -0.521231 36.400000
2.495069 -0.526430 36.400000
