2.514416 -0.753883 28.200000
2.500941 -0.746664 28.200000
2.460746 -0.725222 28.200000
2.394507 -0.689978 28.200000
2.303318 -0.641554 28.200000
2.188696 -0.581099 28.200000
2.052333 -0.510288 28.200000
1.896323 -0.431395 28.200000
1.722947 -0.346929 28.200000
1.534811 -0.259536 28.200000
1.334866 -0.171672 28.200000
1.126304 -0.085499 28.200000
0.912542 -0.003138 28.200000
0.697101 0.073624 28.200000
0.483492 0.142967 28.200000
0.378484 0.174305 28.200000
0.275256 0.203173 28.200000
0.174234 0.229405 28.200000
0.075820 0.252883 28.200000
-0.019528 0.273542 28.200000
-0.111356 0.291318 28.200000
-0.199319 0.306145 28.200000
-0.282997 0.318080 28.200000
-0.362024 0.327122 28.200000
-0.436016 0.333338 28.200000
-0.504576 0.336831 28.200000
-0.567474 0.337638 28.200000
-0.624430 0.335715 28.200000
-0.675188 0.330946 28.200000
-0.719673 0.323091 28.200000
-0.757580 0.312314 28.200000
-0.788682 0.299131 28.200000
-0.812501 0.284641 28.200000
-0.828631 0.269965 28.200000
-0.836711 0.256055 28.200000
-0.836723 0.242977 28.200000
-0.828846 0.230129 28.200000
-0.813469 0.216457 28.200000
-0.790972 0.200942 28.200000
-0.761609 0.183223 28.200000
-0.725437 0.163352 28.200000
-0.682560 0.141837 28.200000
-0.632981 0.119153 28.200000
-0.576878 0.095681 28.200000
-0.514520 0.071504 28.200000
-0.446087 0.046748 28.200000
-0.371925 0.021479 28.200000
-0.292328 -0.004067 28.200000
-0.207622 -0.029756 28.200000
-0.118126 -0.055310 28.200000
-0.024144 -0.080528 28.200000
0.073907 -0.105213 28.200000
0.175592 -0.129233 28.200000
0.280479 -0.152569 28.200000
0.388031 -0.175425 28.200000
0.609008 -0.220194 28.200000
0.834078 -0.264838 28.200000
1.058856 -0.310455 28.200000
1.279049 -0.357839 28.200000
1.490482 -0.407384 28.200000
1.689395 -0.458838 28.200000
1.872330 -0.511420 28.200000
2.036310 -0.563728 28.200000
2.178886 -0.613820 28.200000
2.297950 -0.659457 28.200000
2.391984 -0.698393 28.200000
2.459801 -0.728373 28.200000
2.500730 -0.747368 28.200000
2.514416 -0.753883 28.200000
