3.619986 -1.235447 17.000000
3.529499 -1.182689 17.000000
3.438940 -1.130058 17.000000
3.348343 -1.077491 17.000000
3.257647 -1.025095 17.000000
3.166902 -0.972782 17.000000
3.075868 -0.920977 17.000000
2.984791 -0.869246 17.000000
2.893310 -0.818236 17.000000
2.801681 -0.767488 17.000000
2.709829 -0.717152 17.000000
2.617457 -0.667771 17.000000
2.525085 -0.618389 17.000000
2.432158 -0.570068 17.000000
2.338889 -0.522402 17.000000
2.245621 -0.474736 17.000000
2.151640 -0.428500 17.000000
2.057399 -0.382786 17.000000
1.963158 -0.337072 17.000000
1.868228 -0.292820 17.000000
1.772994 -0.249212 17.000000
1.677761 -0.205604 17.000000
1.581961 -0.163273 17.000000
1.485706 -0.121968 17.000000
1.389451 -0.080663 17.000000
1.292820 -0.040265 17.000000
1.195544 -0.001426 17.000000
1.098268 0.037413 17.000000
1.000794 0.075736 17.000000
0.902455 0.111798 17.000000
0.804116 0.147861 17.000000
0.705725 0.183778 17.000000
0.606553 0.217483 17.000000
0.507075 0.250261 17.000000
0.407307 0.282155 17.000000
0.306987 0.312273 17.000000
0.206323 0.341203 17.000000
0.105320 0.368928 17.000000
0.003858 0.394939 17.000000
-0.098061 0.419082 17.000000
-0.200363 0.441531 17.000000
-0.303067 0.462062 17.000000
-0.406184 0.480419 17.000000
-0.509730 0.496214 17.000000
-0.613702 0.508900 17.000000
-0.718029 0.518187 17.000000
-0.822658 0.522776 17.000000
-0.927343 0.520989 17.000000
-1.031375 0.509593 17.000000
-1.131348 0.479021 17.000000
-1.204637 0.410502 17.000000
-1.138986 0.334763 17.000000
-1.050176 0.279270 17.000000
-0.957922 0.229707 17.000000
-0.863566 0.184262 17.000000
-0.767741 0.141990 17.000000
-0.670868 0.102168 17.000000
-0.573239 0.064235 17.000000
-0.474999 0.027913 17.000000
-0.376258 -0.007024 17.000000
-0.277090 -0.040731 17.000000
-0.177524 -0.073255 17.000000
-0.077464 -0.104224 17.000000
0.022900 -0.134185 17.000000
0.123531 -0.163238 17.000000
0.224491 -0.191133 17.000000
0.325722 -0.218022 17.000000
0.427104 -0.244340 17.000000
0.528669 -0.269948 17.000000
0.630409 -0.294844 17.000000
0.732212 -0.319486 17.000000
0.834016 -0.344128 17.000000
0.935879 -0.368520 17.000000
1.037781 -0.392747 17.000000
1.139684 -0.416974 17.000000
1.241543 -0.441384 17.000000
1.343338 -0.466059 17.000000
1.445133 -0.490734 17.000000
1.546864 -0.515669 17.000000
1.648362 -0.541538 17.000000
1.749861 -0.567407 17.000000
1.851318 -0.593430 17.000000
1.952329 -0.621143 17.000000
2.053339 -0.648856 17.000000
2.154308 -0.676714 17.000000
2.254656 -0.706738 17.000000
2.355003 -0.736762 17.000000
2.455179 -0.767333 17.000000
2.554688 -0.800032 17.000000
2.654196 -0.832731 17.000000
2.753155 -0.867022 17.000000
2.851678 -0.902582 17.000000
2.950025 -0.938604 17.000000
3.047472 -0.977013 17.000000
3.144852 -1.015586 17.000000
3.241178 -1.056723 17.000000
3.337183 -1.098588 17.000000
3.432383 -1.142268 17.000000
3.526661 -1.187898 17.000000
3.619986 -1.235447 17.000000
