2.422679 -0.506212 32.300000
2.360875 -0.478578 32.300000
2.298779 -0.451392 32.300000
2.236570 -0.424468 32.300000
2.174288 -0.397711 32.300000
2.111920 -0.371157 32.300000
2.049462 -0.344817 32.300000
1.986893 -0.318738 32.300000
1.924247 -0.292848 32.300000
1.861512 -0.267173 32.300000
1.798679 -0.241738 32.300000
1.735743 -0.216559 32.300000
1.672593 -0.191921 32.300000
1.609290 -0.167683 32.300000
1.545842 -0.143825 32.300000
1.482180 -0.120543 32.300000
1.418324 -0.097801 32.300000
1.354330 -0.075449 32.300000
1.290111 -0.053752 32.300000
1.225714 -0.032590 32.300000
1.161201 -0.011783 32.300000
1.096446 0.008259 32.300000
1.031561 0.027871 32.300000
0.966563 0.047112 32.300000
0.901347 0.065600 32.300000
0.836046 0.083780 32.300000
0.770609 0.101470 32.300000
0.704965 0.118367 32.300000
0.639211 0.134835 32.300000
0.573251 0.150461 32.300000
0.507128 0.165370 32.300000
0.440884 0.179745 32.300000
0.374418 0.193057 32.300000
0.307818 0.205660 32.300000
0.241088 0.217575 32.300000
0.174158 0.228310 32.300000
0.107095 0.238155 32.300000
0.039906 0.247114 32.300000
-0.027431 0.254905 32.300000
-0.094911 0.261293 32.300000
-0.162488 0.266551 32.300000
-0.230153 0.270504 32.300000
-0.297897 0.272841 32.300000
-0.365679 0.273522 32.300000
-0.433449 0.272105 32.300000
-0.501143 0.268605 32.300000
-0.568586 0.261877 32.300000
-0.635502 0.251187 32.300000
-0.701427 0.235550 32.300000
-0.764303 0.210499 32.300000
-0.807106 0.162907 32.300000
-0.762700 0.115263 32.300000
-0.701261 0.086772 32.300000
-0.637421 0.064032 32.300000
-0.572603 0.044214 32.300000
-0.507254 0.026219 32.300000
-0.441540 0.009593 32.300000
-0.375524 -0.005782 32.300000
-0.309300 -0.020243 32.300000
-0.242900 -0.033868 32.300000
-0.176351 -0.046752 32.300000
-0.109702 -0.059116 32.300000
-0.042883 -0.070519 32.300000
0.024010 -0.081484 32.300000
0.090971 -0.092021 32.300000
0.158042 -0.101837 32.300000
0.225177 -0.111205 32.300000
0.292356 -0.120250 32.300000
0.359602 -0.128789 32.300000
0.426878 -0.137081 32.300000
0.494173 -0.145220 32.300000
0.561503 -0.153073 32.300000
0.628832 -0.160931 32.300000
0.696160 -0.168792 32.300000
0.763490 -0.176639 32.300000
0.830809 -0.184580 32.300000
0.898110 -0.192671 32.300000
0.965390 -0.200937 32.300000
1.032650 -0.209359 32.300000
1.099854 -0.218225 32.300000
1.167010 -0.227440 32.300000
1.234129 -0.236920 32.300000
1.301139 -0.247146 32.300000
1.368089 -0.257750 32.300000
1.434983 -0.268712 32.300000
1.501759 -0.280366 32.300000
1.568457 -0.292457 32.300000
1.635073 -0.304991 32.300000
1.701572 -0.318138 32.300000
1.767935 -0.331949 32.300000
1.834170 -0.346359 32.300000
1.900266 -0.361399 32.300000
1.966213 -0.377074 32.300000
2.031981 -0.393489 32.300000
2.097573 -0.410595 32.300000
2.162959 -0.428472 32.300000
2.228139 -0.447082 32.300000
2.293088 -0.466484 32.300000
2.357750 -0.486824 32.300000
2.422679 -0.506212 32.300000
