4.341516 -1.864634 11.300000
4.235067 -1.791082 11.300000
4.128516 -1.717677 11.300000
4.021912 -1.644349 11.300000
3.915170 -1.571222 11.300000
3.808361 -1.498194 11.300000
3.701147 -1.425761 11.300000
3.593873 -1.353418 11.300000
3.486032 -1.281923 11.300000
3.377986 -1.210737 11.300000
3.269625 -1.140037 11.300000
3.160533 -1.070465 11.300000
3.051441 -1.000892 11.300000
2.941567 -0.932572 11.300000
2.831208 -0.865027 11.300000
2.720849 -0.797482 11.300000
2.609478 -0.731630 11.300000
2.497737 -0.666397 11.300000
2.385996 -0.601164 11.300000
2.273268 -0.537666 11.300000
2.160105 -0.474932 11.300000
2.046942 -0.412199 11.300000
1.932960 -0.350985 11.300000
1.818320 -0.290992 11.300000
1.703681 -0.230998 11.300000
1.588494 -0.172086 11.300000
1.472363 -0.115033 11.300000
1.356232 -0.057980 11.300000
1.239809 -0.001544 11.300000
1.122106 0.052190 11.300000
1.004403 0.105925 11.300000
0.886622 0.159484 11.300000
0.767670 0.210393 11.300000
0.648253 0.260190 11.300000
0.528395 0.308926 11.300000
0.407690 0.355526 11.300000
0.286448 0.400696 11.300000
0.164673 0.444413 11.300000
0.042172 0.486064 11.300000
-0.081070 0.525455 11.300000
-0.204943 0.562798 11.300000
-0.329493 0.597817 11.300000
-0.454760 0.630197 11.300000
-0.580795 0.659461 11.300000
-0.707651 0.684937 11.300000
-0.835267 0.706260 11.300000
-0.963698 0.721826 11.300000
-1.092804 0.729544 11.300000
-1.222015 0.725365 11.300000
-1.348044 0.697182 11.300000
-1.444803 0.619735 11.300000
-1.371119 0.520231 11.300000
-1.266994 0.443468 11.300000
-1.158064 0.373683 11.300000
-1.046157 0.308769 11.300000
-0.932138 0.247625 11.300000
-0.816598 0.189399 11.300000
-0.699946 0.133429 11.300000
-0.582390 0.079385 11.300000
-0.464085 0.026999 11.300000
-0.345138 -0.023913 11.300000
-0.225589 -0.073405 11.300000
-0.105284 -0.121028 11.300000
0.015491 -0.167439 11.300000
0.136680 -0.212758 11.300000
0.258386 -0.256680 11.300000
0.380520 -0.299390 11.300000
0.502894 -0.341410 11.300000
0.625560 -0.382574 11.300000
0.748510 -0.422877 11.300000
0.871562 -0.462873 11.300000
0.994614 -0.502869 11.300000
1.117763 -0.542564 11.300000
1.240976 -0.582058 11.300000
1.364190 -0.621552 11.300000
1.487332 -0.661267 11.300000
1.610370 -0.701304 11.300000
1.733409 -0.741341 11.300000
1.856343 -0.781690 11.300000
1.978903 -0.823169 11.300000
2.101463 -0.864647 11.300000
2.223958 -0.906312 11.300000
2.345743 -0.950015 11.300000
2.467527 -0.993719 11.300000
2.589246 -1.037597 11.300000
2.709995 -1.084084 11.300000
2.830744 -1.130571 11.300000
2.951230 -1.177716 11.300000
3.070692 -1.227418 11.300000
3.190153 -1.277120 11.300000
3.308788 -1.328731 11.300000
3.426764 -1.381863 11.300000
3.544482 -1.435548 11.300000
3.660863 -1.492088 11.300000
3.777147 -1.548823 11.300000
3.891890 -1.608617 11.300000
4.006168 -1.669277 11.300000
4.119283 -1.732096 11.300000
4.231078 -1.797228 11.300000
4.341516 -1.864634 11.300000
