4.577398 -2.073192 9.400000
4.470525 -1.985190 9.400000
4.363652 -1.897189 9.400000
4.255972 -1.810187 9.400000
4.147468 -1.724205 9.400000
4.038959 -1.638228 9.400000
3.928053 -1.555368 9.400000
3.817146 -1.472507 9.400000
3.706239 -1.389647 9.400000
3.595333 -1.306787 9.400000
3.484283 -1.224126 9.400000
3.370423 -1.145373 9.400000
3.256562 -1.066621 9.400000
3.142702 -0.987868 9.400000
3.028842 -0.909116 9.400000
2.914638 -0.830879 9.400000
2.798159 -0.756054 9.400000
2.681680 -0.681228 9.400000
2.565202 -0.606403 9.400000
2.448723 -0.531578 9.400000
2.331556 -0.457872 9.400000
2.212222 -0.387691 9.400000
2.092887 -0.317509 9.400000
1.973553 -0.247328 9.400000
1.854219 -0.177146 9.400000
1.733778 -0.108943 9.400000
1.611492 -0.044041 9.400000
1.489207 0.020861 9.400000
1.366921 0.085763 9.400000
1.244635 0.150665 9.400000
1.120269 0.211321 9.400000
0.994030 0.268152 9.400000
0.867791 0.324984 9.400000
0.741552 0.381815 9.400000
0.615313 0.438647 9.400000
0.486693 0.489688 9.400000
0.356987 0.538085 9.400000
0.226675 0.584723 9.400000
0.094648 0.626377 9.400000
-0.037379 0.668031 9.400000
-0.171228 0.703258 9.400000
-0.305468 0.737104 9.400000
-0.440488 0.767292 9.400000
-0.576872 0.791074 9.400000
-0.713255 0.814857 9.400000
-0.850739 0.830808 9.400000
-0.988805 0.839811 9.400000
-1.127099 0.840901 9.400000
-1.265249 0.831906 9.400000
-1.396647 0.795148 9.400000
-1.505131 0.709140 9.400000
-1.491969 0.584893 9.400000
-1.398906 0.485072 9.400000
-1.287769 0.402533 9.400000
-1.168089 0.332943 9.400000
-1.045686 0.268328 9.400000
-0.921021 0.208197 9.400000
-0.795241 0.150357 9.400000
-0.669172 0.093171 9.400000
-0.541606 0.039384 9.400000
-0.414040 -0.014402 9.400000
-0.285698 -0.066294 9.400000
-0.157083 -0.117523 9.400000
-0.028468 -0.168752 9.400000
0.100146 -0.219980 9.400000
0.228761 -0.271209 9.400000
0.357284 -0.322667 9.400000
0.485796 -0.374152 9.400000
0.614309 -0.425637 9.400000
0.742821 -0.477122 9.400000
0.871317 -0.528647 9.400000
0.999519 -0.580901 9.400000
1.127720 -0.633154 9.400000
1.255922 -0.685408 9.400000
1.384123 -0.737662 9.400000
1.512325 -0.789916 9.400000
1.640527 -0.842170 9.400000
1.768728 -0.894424 9.400000
1.896930 -0.946678 9.400000
2.025131 -0.998931 9.400000
2.153237 -1.051418 9.400000
2.281176 -1.104311 9.400000
2.409115 -1.157205 9.400000
2.537055 -1.210098 9.400000
2.664994 -1.262991 9.400000
2.792682 -1.316483 9.400000
2.920140 -1.370525 9.400000
3.047599 -1.424566 9.400000
3.175057 -1.478608 9.400000
3.302515 -1.532649 9.400000
3.429639 -1.587469 9.400000
3.556607 -1.642655 9.400000
3.683574 -1.697841 9.400000
3.810541 -1.753027 9.400000
3.937508 -1.808213 9.400000
4.064242 -1.863931 9.400000
4.190931 -1.919751 9.400000
4.317479 -1.975890 9.400000
4.443831 -2.032469 9.400000
4.570184 -2.089048 9.400000
