3.172275 -0.909216 20.800000
3.092041 -0.867639 20.800000
3.011749 -0.826173 20.800000
2.931428 -0.784765 20.800000
2.851029 -0.743509 20.800000
2.770592 -0.702327 20.800000
2.689927 -0.661593 20.800000
2.609227 -0.620927 20.800000
2.528211 -0.580898 20.800000
2.447079 -0.541102 20.800000
2.365772 -0.501669 20.800000
2.284058 -0.463083 20.800000
2.202344 -0.424496 20.800000
2.120198 -0.386846 20.800000
2.037785 -0.349776 20.800000
1.955372 -0.312705 20.800000
1.872407 -0.276897 20.800000
1.789240 -0.241551 20.800000
1.706073 -0.206204 20.800000
1.622375 -0.172147 20.800000
1.538443 -0.138658 20.800000
1.454511 -0.105168 20.800000
1.370146 -0.072804 20.800000
1.285433 -0.041343 20.800000
1.200719 -0.009881 20.800000
1.115722 0.020782 20.800000
1.030234 0.050075 20.800000
0.944747 0.079367 20.800000
0.859111 0.108206 20.800000
0.772827 0.135060 20.800000
0.686543 0.161915 20.800000
0.600221 0.188641 20.800000
0.513320 0.213428 20.800000
0.426196 0.237404 20.800000
0.338859 0.260605 20.800000
0.251123 0.282252 20.800000
0.163142 0.302861 20.800000
0.074920 0.322416 20.800000
-0.013623 0.340476 20.800000
-0.102481 0.356905 20.800000
-0.191595 0.371859 20.800000
-0.280974 0.385144 20.800000
-0.370616 0.396536 20.800000
-0.460516 0.405703 20.800000
-0.550651 0.412173 20.800000
-0.640946 0.415698 20.800000
-0.731299 0.415162 20.800000
-0.821427 0.409131 20.800000
-0.910580 0.394846 20.800000
-0.995413 0.364213 20.800000
-1.055624 0.302027 20.800000
-0.995804 0.239582 20.800000
-0.916897 0.195576 20.800000
-0.835276 0.156827 20.800000
-0.752023 0.121717 20.800000
-0.667638 0.089404 20.800000
-0.582456 0.059247 20.800000
-0.496703 0.030751 20.800000
-0.410493 0.003669 20.800000
-0.323911 -0.022198 20.800000
-0.237014 -0.046988 20.800000
-0.149825 -0.070740 20.800000
-0.062276 -0.093131 20.800000
0.025490 -0.114641 20.800000
0.113448 -0.135358 20.800000
0.201641 -0.155061 20.800000
0.290023 -0.173888 20.800000
0.378511 -0.192214 20.800000
0.467126 -0.209922 20.800000
0.555861 -0.227008 20.800000
0.644640 -0.243873 20.800000
0.733419 -0.260738 20.800000
0.822239 -0.277385 20.800000
0.911086 -0.293888 20.800000
0.999933 -0.310391 20.800000
1.088750 -0.327053 20.800000
1.177523 -0.343947 20.800000
1.266297 -0.360841 20.800000
1.355026 -0.377961 20.800000
1.443595 -0.395896 20.800000
1.532164 -0.413831 20.800000
1.620704 -0.431902 20.800000
1.708931 -0.451447 20.800000
1.797159 -0.470992 20.800000
1.885357 -0.490664 20.800000
1.973113 -0.512228 20.800000
2.060869 -0.533793 20.800000
2.148500 -0.555837 20.800000
2.235647 -0.579743 20.800000
2.322794 -0.603649 20.800000
2.409537 -0.628950 20.800000
2.495957 -0.655363 20.800000
2.582247 -0.682182 20.800000
2.667863 -0.711097 20.800000
2.753428 -0.740155 20.800000
2.838195 -0.771469 20.800000
2.922717 -0.803424 20.800000
3.006623 -0.836977 20.800000
3.089819 -0.872249 20.800000
3.172275 -0.909216 20.800000
