4.745238 -2.246174 7.400000
4.635142 -2.152367 7.400000
4.525047 -2.058559 7.400000
4.414090 -1.965782 7.400000
4.302255 -1.874055 7.400000
4.190415 -1.782334 7.400000
4.076015 -1.693826 7.400000
3.961615 -1.605319 7.400000
3.847216 -1.516811 7.400000
3.732816 -1.428303 7.400000
3.618263 -1.340001 7.400000
3.500706 -1.255733 7.400000
3.383148 -1.171465 7.400000
3.265591 -1.087196 7.400000
3.148034 -1.002928 7.400000
3.030108 -0.919191 7.400000
2.909747 -0.838980 7.400000
2.789385 -0.758768 7.400000
2.669023 -0.678556 7.400000
2.548661 -0.598344 7.400000
2.427561 -0.519289 7.400000
2.304135 -0.443878 7.400000
2.180708 -0.368467 7.400000
2.057282 -0.293056 7.400000
1.933855 -0.217645 7.400000
1.809239 -0.144281 7.400000
1.682636 -0.074333 7.400000
1.556034 -0.004385 7.400000
1.429432 0.065563 7.400000
1.302829 0.135511 7.400000
1.173979 0.201060 7.400000
1.043105 0.262647 7.400000
0.912232 0.324234 7.400000
0.781358 0.385821 7.400000
0.650484 0.447407 7.400000
0.517021 0.502987 7.400000
0.382377 0.555824 7.400000
0.247069 0.606834 7.400000
0.109882 0.652667 7.400000
-0.027305 0.698501 7.400000
-0.166508 0.737653 7.400000
-0.306144 0.775369 7.400000
-0.446659 0.809277 7.400000
-0.588711 0.836519 7.400000
-0.730764 0.863760 7.400000
-0.874103 0.882839 7.400000
-1.018172 0.894671 7.400000
-1.162619 0.898241 7.400000
-1.307092 0.891273 7.400000
-1.445000 0.855184 7.400000
-1.559837 0.767244 7.400000
-1.548272 0.637221 7.400000
-1.452811 0.531309 7.400000
-1.338165 0.443133 7.400000
-1.214367 0.368334 7.400000
-1.087636 0.298684 7.400000
-0.958465 0.233677 7.400000
-0.828088 0.171045 7.400000
-0.697399 0.109092 7.400000
-0.565085 0.050662 7.400000
-0.432771 -0.007767 7.400000
-0.299613 -0.064231 7.400000
-0.166159 -0.120007 7.400000
-0.032705 -0.175782 7.400000
0.100749 -0.231558 7.400000
0.234203 -0.287333 7.400000
0.367557 -0.343347 7.400000
0.500900 -0.399389 7.400000
0.634242 -0.455431 7.400000
0.767585 -0.511473 7.400000
0.900910 -0.567555 7.400000
1.033915 -0.624394 7.400000
1.166919 -0.681233 7.400000
1.299924 -0.738073 7.400000
1.432928 -0.794912 7.400000
1.565933 -0.851751 7.400000
1.698937 -0.908591 7.400000
1.831942 -0.965430 7.400000
1.964946 -1.022269 7.400000
2.097951 -1.079109 7.400000
2.230851 -1.136189 7.400000
2.363570 -1.193692 7.400000
2.496289 -1.251195 7.400000
2.629008 -1.308698 7.400000
2.761727 -1.366200 7.400000
2.894174 -1.424324 7.400000
3.026371 -1.483018 7.400000
3.158567 -1.541711 7.400000
3.290764 -1.600405 7.400000
3.422961 -1.659099 7.400000
3.554795 -1.718600 7.400000
3.686458 -1.778480 7.400000
3.818121 -1.838361 7.400000
3.949784 -1.898241 7.400000
4.081448 -1.958122 7.400000
4.212858 -2.018554 7.400000
4.344221 -2.079092 7.400000
4.475429 -2.139961 7.400000
4.606426 -2.201286 7.400000
4.737423 -2.262611 7.400000
