4.107200 -1.646672 13.200000
4.005861 -1.580239 13.200000
3.904430 -1.513947 13.200000
3.802951 -1.447727 13.200000
3.701348 -1.381699 13.200000
3.599684 -1.315764 13.200000
3.497654 -1.250397 13.200000
3.395570 -1.185114 13.200000
3.292976 -1.120639 13.200000
3.190195 -1.056458 13.200000
3.087131 -0.992739 13.200000
2.983409 -0.930092 13.200000
2.879687 -0.867444 13.200000
2.775260 -0.805988 13.200000
2.670398 -0.745268 13.200000
2.565536 -0.684548 13.200000
2.459764 -0.625437 13.200000
2.353661 -0.566913 13.200000
2.247557 -0.508390 13.200000
2.140569 -0.451513 13.200000
2.033191 -0.395362 13.200000
1.925813 -0.339211 13.200000
1.817703 -0.284501 13.200000
1.709005 -0.230949 13.200000
1.600308 -0.177397 13.200000
1.491122 -0.124869 13.200000
1.381095 -0.074104 13.200000
1.271068 -0.023339 13.200000
1.160781 0.026841 13.200000
1.049358 0.074464 13.200000
0.937935 0.122086 13.200000
0.826444 0.169543 13.200000
0.713915 0.214491 13.200000
0.600978 0.258388 13.200000
0.487651 0.301282 13.200000
0.373580 0.342156 13.200000
0.259039 0.381679 13.200000
0.144032 0.419830 13.200000
0.028393 0.456029 13.200000
-0.087889 0.490097 13.200000
-0.204714 0.522232 13.200000
-0.322121 0.552176 13.200000
-0.440138 0.579633 13.200000
-0.558804 0.604156 13.200000
-0.678151 0.625114 13.200000
-0.798116 0.642164 13.200000
-0.918712 0.653808 13.200000
-1.039761 0.658088 13.200000
-1.160636 0.651227 13.200000
-1.277986 0.621967 13.200000
-1.366807 0.547250 13.200000
-1.295552 0.455773 13.200000
-1.196316 0.386281 13.200000
-1.092740 0.323431 13.200000
-0.986489 0.265211 13.200000
-0.878346 0.210567 13.200000
-0.768845 0.158690 13.200000
-0.658355 0.108951 13.200000
-0.547062 0.061035 13.200000
-0.435107 0.014689 13.200000
-0.322583 -0.030263 13.200000
-0.209528 -0.073871 13.200000
-0.095809 -0.115712 13.200000
0.018323 -0.156408 13.200000
0.132818 -0.196072 13.200000
0.247765 -0.234416 13.200000
0.363085 -0.271616 13.200000
0.478614 -0.308164 13.200000
0.594397 -0.343904 13.200000
0.710426 -0.378832 13.200000
0.826543 -0.413470 13.200000
0.942660 -0.448108 13.200000
1.058862 -0.482462 13.200000
1.175119 -0.516626 13.200000
1.291376 -0.550791 13.200000
1.407572 -0.585164 13.200000
1.523678 -0.619840 13.200000
1.639784 -0.654517 13.200000
1.755799 -0.689488 13.200000
1.871490 -0.725525 13.200000
1.987180 -0.761562 13.200000
2.102814 -0.797775 13.200000
2.217830 -0.835913 13.200000
2.332845 -0.874051 13.200000
2.447803 -0.912354 13.200000
2.561913 -0.953122 13.200000
2.676022 -0.993889 13.200000
2.789900 -1.035279 13.200000
2.902878 -1.079086 13.200000
3.015855 -1.122893 13.200000
3.128102 -1.168506 13.200000
3.239767 -1.215558 13.200000
3.351203 -1.263134 13.200000
3.461453 -1.313413 13.200000
3.571615 -1.363877 13.200000
3.680405 -1.417240 13.200000
3.788780 -1.471424 13.200000
3.896115 -1.527656 13.200000
4.002267 -1.586085 13.200000
4.107200 -1.646672 13.200000
