2.421828 -0.510271 30.400000
2.360070 -0.482533 30.400000
2.298020 -0.455243 30.400000
2.235856 -0.428214 30.400000
2.173619 -0.401354 30.400000
2.111295 -0.374695 30.400000
2.048881 -0.348250 30.400000
1.986357 -0.322066 30.400000
1.923753 -0.296071 30.400000
1.861061 -0.270291 30.400000
1.798271 -0.244752 30.400000
1.735377 -0.219467 30.400000
1.672269 -0.194723 30.400000
1.609007 -0.170379 30.400000
1.545599 -0.146415 30.400000
1.481976 -0.123026 30.400000
1.418158 -0.100177 30.400000
1.354202 -0.077718 30.400000
1.290019 -0.055914 30.400000
1.225658 -0.034643 30.400000
1.161180 -0.013729 30.400000
1.096458 0.006422 30.400000
1.031606 0.026142 30.400000
0.966641 0.045492 30.400000
0.901456 0.064089 30.400000
0.836185 0.082379 30.400000
0.770778 0.100179 30.400000
0.705162 0.117185 30.400000
0.639436 0.133764 30.400000
0.573502 0.149500 30.400000
0.507404 0.164520 30.400000
0.441185 0.179006 30.400000
0.374741 0.192430 30.400000
0.308162 0.205144 30.400000
0.241452 0.217170 30.400000
0.174540 0.228018 30.400000
0.107494 0.237976 30.400000
0.040320 0.247047 30.400000
-0.027004 0.254951 30.400000
-0.094473 0.261452 30.400000
-0.162041 0.266823 30.400000
-0.229700 0.270889 30.400000
-0.297439 0.273339 30.400000
-0.365220 0.274134 30.400000
-0.432993 0.272830 30.400000
-0.500692 0.269444 30.400000
-0.568146 0.262829 30.400000
-0.635080 0.252251 30.400000
-0.701031 0.236725 30.400000
-0.763949 0.211779 30.400000
-0.806832 0.164259 30.400000
-0.762506 0.116541 30.400000
-0.701115 0.087946 30.400000
-0.637313 0.065100 30.400000
-0.572528 0.045174 30.400000
-0.507209 0.027069 30.400000
-0.441524 0.010333 30.400000
-0.375533 -0.005153 30.400000
-0.309334 -0.019725 30.400000
-0.242957 -0.033461 30.400000
-0.176429 -0.046457 30.400000
-0.109801 -0.058932 30.400000
-0.043001 -0.070447 30.400000
0.023873 -0.081525 30.400000
0.090816 -0.092174 30.400000
0.157871 -0.102102 30.400000
0.224990 -0.111582 30.400000
0.292154 -0.120740 30.400000
0.359385 -0.129392 30.400000
0.426648 -0.137796 30.400000
0.493929 -0.146048 30.400000
0.561246 -0.154013 30.400000
0.628561 -0.161984 30.400000
0.695876 -0.169958 30.400000
0.763193 -0.177918 30.400000
0.830499 -0.185971 30.400000
0.897786 -0.194176 30.400000
0.965052 -0.202554 30.400000
1.032298 -0.211088 30.400000
1.099487 -0.220068 30.400000
1.166627 -0.229395 30.400000
1.233730 -0.238988 30.400000
1.300723 -0.249325 30.400000
1.367656 -0.260042 30.400000
1.434531 -0.271116 30.400000
1.501288 -0.282881 30.400000
1.567965 -0.295085 30.400000
1.634560 -0.307730 30.400000
1.701036 -0.320989 30.400000
1.767377 -0.334910 30.400000
1.833587 -0.349431 30.400000
1.899657 -0.364582 30.400000
1.965579 -0.380368 30.400000
2.031319 -0.396893 30.400000
2.096882 -0.414109 30.400000
2.162238 -0.432096 30.400000
2.227387 -0.450815 30.400000
2.292304 -0.470325 30.400000
2.356931 -0.490773 30.400000
2.421828 -0.510271 30.400000
