2.768891 -0.675085 24.600000
2.698218 -0.641977 24.600000
2.627500 -0.608966 24.600000
2.556757 -0.576006 24.600000
2.485953 -0.543180 24.600000
2.415118 -0.510419 24.600000
2.344102 -0.478053 24.600000
2.273059 -0.445746 24.600000
2.201765 -0.414000 24.600000
2.130378 -0.382459 24.600000
2.058853 -0.351238 24.600000
1.987006 -0.320761 24.600000
1.915159 -0.290284 24.600000
1.842972 -0.260630 24.600000
1.770574 -0.231486 24.600000
1.698176 -0.202341 24.600000
1.625346 -0.174305 24.600000
1.552357 -0.146674 24.600000
1.479368 -0.119043 24.600000
1.405965 -0.092543 24.600000
1.332380 -0.066541 24.600000
1.258795 -0.040539 24.600000
1.184875 -0.015523 24.600000
1.110686 0.008702 24.600000
1.036497 0.032926 24.600000
0.962090 0.056453 24.600000
0.887308 0.078779 24.600000
0.812526 0.101106 24.600000
0.737631 0.123035 24.600000
0.662245 0.143230 24.600000
0.586860 0.163426 24.600000
0.511446 0.183509 24.600000
0.435599 0.201899 24.600000
0.359588 0.219580 24.600000
0.283420 0.236587 24.600000
0.206962 0.252238 24.600000
0.130327 0.266985 24.600000
0.053521 0.280814 24.600000
-0.023511 0.293342 24.600000
-0.100757 0.304452 24.600000
-0.178174 0.314280 24.600000
-0.255762 0.322658 24.600000
-0.333511 0.329394 24.600000
-0.411407 0.334201 24.600000
-0.489412 0.336672 24.600000
-0.567453 0.336597 24.600000
-0.645405 0.333015 24.600000
-0.722972 0.324699 24.600000
-0.799413 0.309295 24.600000
-0.871561 0.279931 24.600000
-0.921373 0.224189 24.600000
-0.867596 0.172367 24.600000
-0.797985 0.137117 24.600000
-0.726213 0.106497 24.600000
-0.653157 0.079073 24.600000
-0.579222 0.054102 24.600000
-0.504674 0.031019 24.600000
-0.429690 0.009389 24.600000
-0.354360 -0.011005 24.600000
-0.278752 -0.030339 24.600000
-0.202908 -0.048730 24.600000
-0.126848 -0.066217 24.600000
-0.050526 -0.082517 24.600000
0.025955 -0.098049 24.600000
0.102573 -0.112890 24.600000
0.179358 -0.126848 24.600000
0.256278 -0.140043 24.600000
0.333271 -0.152803 24.600000
0.410352 -0.165024 24.600000
0.487516 -0.176706 24.600000
0.564709 -0.188194 24.600000
0.641903 -0.199682 24.600000
0.719124 -0.210982 24.600000
0.796364 -0.222155 24.600000
0.873604 -0.233329 24.600000
0.950824 -0.244642 24.600000
1.028013 -0.256155 24.600000
1.105203 -0.267669 24.600000
1.182363 -0.279380 24.600000
1.259412 -0.291799 24.600000
1.336461 -0.304218 24.600000
1.413491 -0.316755 24.600000
1.490301 -0.330575 24.600000
1.567112 -0.344396 24.600000
1.643901 -0.358327 24.600000
1.720374 -0.373906 24.600000
1.796847 -0.389486 24.600000
1.873229 -0.405483 24.600000
1.949258 -0.423104 24.600000
2.025286 -0.440725 24.600000
2.101014 -0.459564 24.600000
2.176502 -0.479374 24.600000
2.251891 -0.499538 24.600000
2.326771 -0.521534 24.600000
2.401612 -0.543656 24.600000
2.475843 -0.567751 24.600000
2.549884 -0.592408 24.600000
2.623449 -0.618466 24.600000
2.696460 -0.646032 24.600000
2.768891 -0.675085 24.600000
