2.491911 -0.541184 28.500000
2.427948 -0.513169 28.500000
2.363947 -0.485242 28.500000
2.299926 -0.457362 28.500000
2.235852 -0.429602 28.500000
2.171753 -0.401902 28.500000
2.107500 -0.374559 28.500000
2.043225 -0.347269 28.500000
1.978737 -0.320487 28.500000
1.914172 -0.293890 28.500000
1.849490 -0.267583 28.500000
1.784537 -0.241948 28.500000
1.719583 -0.216313 28.500000
1.654344 -0.191423 28.500000
1.588929 -0.166993 28.500000
1.523513 -0.142562 28.500000
1.457735 -0.119133 28.500000
1.391825 -0.096070 28.500000
1.325915 -0.073007 28.500000
1.259661 -0.050965 28.500000
1.193254 -0.029372 28.500000
1.126848 -0.007780 28.500000
1.060164 0.012923 28.500000
0.993257 0.032913 28.500000
0.926351 0.052902 28.500000
0.859265 0.072262 28.500000
0.791871 0.090540 28.500000
0.724477 0.108818 28.500000
0.656991 0.126738 28.500000
0.589105 0.143096 28.500000
0.521220 0.159454 28.500000
0.453311 0.175712 28.500000
0.385054 0.190444 28.500000
0.316665 0.204540 28.500000
0.248152 0.218028 28.500000
0.179410 0.230297 28.500000
0.110531 0.241753 28.500000
0.041519 0.252386 28.500000
-0.027666 0.261848 28.500000
-0.097011 0.270038 28.500000
-0.166478 0.277076 28.500000
-0.236066 0.282815 28.500000
-0.305762 0.287081 28.500000
-0.375544 0.289618 28.500000
-0.445372 0.290064 28.500000
-0.515175 0.288230 28.500000
-0.584817 0.283263 28.500000
-0.654009 0.274070 28.500000
-0.722033 0.258562 28.500000
-0.785902 0.230665 28.500000
-0.829195 0.179679 28.500000
-0.779922 0.134545 28.500000
-0.716860 0.104589 28.500000
-0.651971 0.078825 28.500000
-0.586006 0.055949 28.500000
-0.519310 0.035286 28.500000
-0.452108 0.016326 28.500000
-0.384549 -0.001324 28.500000
-0.316709 -0.017861 28.500000
-0.248643 -0.033443 28.500000
-0.180389 -0.048178 28.500000
-0.111961 -0.062098 28.500000
-0.043326 -0.074951 28.500000
0.025433 -0.087113 28.500000
0.094301 -0.098654 28.500000
0.163297 -0.109401 28.500000
0.232396 -0.119463 28.500000
0.301551 -0.129134 28.500000
0.370773 -0.138322 28.500000
0.440057 -0.147024 28.500000
0.509363 -0.155553 28.500000
0.578668 -0.164083 28.500000
0.647995 -0.172442 28.500000
0.717335 -0.180689 28.500000
0.786675 -0.188936 28.500000
0.856000 -0.197307 28.500000
0.925303 -0.205859 28.500000
0.994606 -0.214411 28.500000
1.063886 -0.223140 28.500000
1.133084 -0.232505 28.500000
1.202282 -0.241870 28.500000
1.271465 -0.251341 28.500000
1.340480 -0.261965 28.500000
1.409496 -0.272589 28.500000
1.478496 -0.283312 28.500000
1.547250 -0.295517 28.500000
1.616003 -0.307722 28.500000
1.684685 -0.320302 28.500000
1.753088 -0.334343 28.500000
1.821490 -0.348384 28.500000
1.889651 -0.363521 28.500000
1.957620 -0.379532 28.500000
2.025508 -0.395862 28.500000
2.092982 -0.413842 28.500000
2.160424 -0.431936 28.500000
2.227366 -0.451809 28.500000
2.294149 -0.472188 28.500000
2.360539 -0.493831 28.500000
2.426467 -0.516835 28.500000
2.491911 -0.541184 28.500000
