5.186441 -2.539991 3.600000
5.066719 -2.435201 3.600000
4.946996 -2.330412 3.600000
4.826312 -2.226742 3.600000
4.704646 -2.124216 3.600000
4.582975 -2.021695 3.600000
4.458441 -1.922672 3.600000
4.333908 -1.823649 3.600000
4.209374 -1.724625 3.600000
4.084840 -1.625602 3.600000
3.960135 -1.526802 3.600000
3.832066 -1.432396 3.600000
3.703997 -1.337989 3.600000
3.575928 -1.243582 3.600000
3.447859 -1.149175 3.600000
3.319378 -1.055348 3.600000
3.188165 -0.965362 3.600000
3.056952 -0.875376 3.600000
2.925739 -0.785390 3.600000
2.794526 -0.695404 3.600000
2.662484 -0.606680 3.600000
2.527830 -0.521929 3.600000
2.393177 -0.437179 3.600000
2.258523 -0.352429 3.600000
2.123869 -0.267678 3.600000
1.987876 -0.185162 3.600000
1.849649 -0.106374 3.600000
1.711422 -0.027586 3.600000
1.573195 0.051202 3.600000
1.434968 0.129990 3.600000
1.294204 0.203972 3.600000
1.151157 0.273626 3.600000
1.008109 0.343281 3.600000
0.865062 0.412935 3.600000
0.722014 0.482589 3.600000
0.576031 0.545673 3.600000
0.428708 0.605758 3.600000
0.280629 0.663844 3.600000
0.130407 0.716263 3.600000
-0.019814 0.768682 3.600000
-0.172351 0.813782 3.600000
-0.325386 0.857309 3.600000
-0.479443 0.896660 3.600000
-0.635288 0.928701 3.600000
-0.791133 0.960742 3.600000
-0.948513 0.983825 3.600000
-1.106802 0.998945 3.600000
-1.265627 1.004985 3.600000
-1.424635 0.999434 3.600000
-1.576849 0.961758 3.600000
-1.704445 0.866712 3.600000
-1.693627 0.723531 3.600000
-1.590178 0.605642 3.600000
-1.465368 0.506979 3.600000
-1.330297 0.422896 3.600000
-1.191925 0.344434 3.600000
-1.050800 0.271044 3.600000
-0.908314 0.200247 3.600000
-0.765475 0.130192 3.600000
-0.620797 0.063990 3.600000
-0.476120 -0.002212 3.600000
-0.330485 -0.066265 3.600000
-0.184514 -0.129565 3.600000
-0.038544 -0.192865 3.600000
0.107427 -0.256165 3.600000
0.253397 -0.319465 3.600000
0.399255 -0.383026 3.600000
0.545099 -0.446617 3.600000
0.690942 -0.510208 3.600000
0.836786 -0.573799 3.600000
0.982611 -0.637434 3.600000
1.128071 -0.701898 3.600000
1.273532 -0.766361 3.600000
1.418992 -0.830825 3.600000
1.564453 -0.895288 3.600000
1.709913 -0.959752 3.600000
1.855374 -1.024215 3.600000
2.000834 -1.088679 3.600000
2.146295 -1.153142 3.600000
2.291755 -1.217605 3.600000
2.437098 -1.282333 3.600000
2.582235 -1.347522 3.600000
2.727372 -1.412711 3.600000
2.872509 -1.477900 3.600000
3.017645 -1.543088 3.600000
3.162474 -1.608956 3.600000
3.307018 -1.675448 3.600000
3.451563 -1.741939 3.600000
3.596108 -1.808430 3.600000
3.740653 -1.874921 3.600000
3.884787 -1.942295 3.600000
4.028728 -2.010084 3.600000
4.172669 -2.077873 3.600000
4.316609 -2.145662 3.600000
4.460550 -2.213451 3.600000
4.604205 -2.281843 3.600000
4.747805 -2.350351 3.600000
4.891232 -2.419219 3.600000
5.034418 -2.488587 3.600000
5.177605 -2.557955 3.600000
