2.632275 -0.600938 26.500000
2.564868 -0.570559 26.500000
2.497419 -0.540274 26.500000
2.429949 -0.510037 26.500000
2.362421 -0.479927 26.500000
2.294865 -0.449880 26.500000
2.227144 -0.420209 26.500000
2.159398 -0.390595 26.500000
2.091421 -0.361516 26.500000
2.023360 -0.332632 26.500000
1.955172 -0.304053 26.500000
1.886689 -0.276184 26.500000
1.818207 -0.248314 26.500000
1.749413 -0.221229 26.500000
1.680428 -0.194629 26.500000
1.611442 -0.168029 26.500000
1.542062 -0.142486 26.500000
1.472537 -0.117328 26.500000
1.403012 -0.092170 26.500000
1.333112 -0.068089 26.500000
1.263045 -0.044483 26.500000
1.192979 -0.020877 26.500000
1.122608 0.001791 26.500000
1.051994 0.023705 26.500000
0.981380 0.045620 26.500000
0.910569 0.066870 26.500000
0.839420 0.086978 26.500000
0.768270 0.107086 26.500000
0.697020 0.126816 26.500000
0.625329 0.144897 26.500000
0.553637 0.162978 26.500000
0.481920 0.180952 26.500000
0.409818 0.197316 26.500000
0.337568 0.213007 26.500000
0.265180 0.228056 26.500000
0.192536 0.241818 26.500000
0.119738 0.254720 26.500000
0.046789 0.266751 26.500000
-0.026355 0.277546 26.500000
-0.099682 0.286994 26.500000
-0.173153 0.295226 26.500000
-0.246766 0.302082 26.500000
-0.320510 0.307381 26.500000
-0.394364 0.310850 26.500000
-0.468290 0.312105 26.500000
-0.542215 0.310947 26.500000
-0.616006 0.306469 26.500000
-0.689367 0.297511 26.500000
-0.761563 0.281855 26.500000
-0.829498 0.253035 26.500000
-0.875907 0.199539 26.500000
-0.824244 0.151199 26.500000
-0.757813 0.118777 26.500000
-0.689399 0.090771 26.500000
-0.619814 0.065810 26.500000
-0.549431 0.043185 26.500000
-0.478492 0.022357 26.500000
-0.407161 0.002911 26.500000
-0.335520 -0.015358 26.500000
-0.263630 -0.032619 26.500000
-0.191529 -0.048986 26.500000
-0.119237 -0.064491 26.500000
-0.046713 -0.078869 26.500000
0.025951 -0.092517 26.500000
0.098735 -0.105509 26.500000
0.171666 -0.117662 26.500000
0.244713 -0.129090 26.500000
0.317823 -0.140105 26.500000
0.391010 -0.150609 26.500000
0.464267 -0.160600 26.500000
0.537550 -0.170408 26.500000
0.610833 -0.180216 26.500000
0.684139 -0.189844 26.500000
0.757462 -0.199354 26.500000
0.830784 -0.208863 26.500000
0.904089 -0.218504 26.500000
0.977368 -0.228336 26.500000
1.050648 -0.238168 26.500000
1.123902 -0.248186 26.500000
1.197061 -0.258878 26.500000
1.270220 -0.269570 26.500000
1.343362 -0.280373 26.500000
1.416314 -0.292395 26.500000
1.489266 -0.304418 26.500000
1.562200 -0.316545 26.500000
1.634857 -0.330238 26.500000
1.707515 -0.343932 26.500000
1.780091 -0.358022 26.500000
1.852356 -0.373655 26.500000
1.924621 -0.389288 26.500000
1.996617 -0.406080 26.500000
2.068400 -0.423794 26.500000
2.140095 -0.441845 26.500000
2.211332 -0.461639 26.500000
2.282535 -0.481552 26.500000
2.353187 -0.503344 26.500000
2.423666 -0.525669 26.500000
2.493715 -0.549329 26.500000
2.563259 -0.574425 26.500000
2.632275 -0.600938 26.500000
