2.973571 -0.783264 22.700000
2.897989 -0.746144 22.700000
2.822356 -0.709128 22.700000
2.746696 -0.672167 22.700000
2.670967 -0.635349 22.700000
2.595204 -0.598600 22.700000
2.519237 -0.562274 22.700000
2.443240 -0.526011 22.700000
2.366961 -0.490349 22.700000
2.290578 -0.454905 22.700000
2.214040 -0.419804 22.700000
2.137140 -0.385499 22.700000
2.060239 -0.351194 22.700000
1.982955 -0.317771 22.700000
1.905434 -0.284892 22.700000
1.827913 -0.252014 22.700000
1.749903 -0.220323 22.700000
1.671714 -0.189066 22.700000
1.593525 -0.157809 22.700000
1.514867 -0.127763 22.700000
1.436003 -0.098251 22.700000
1.357138 -0.068739 22.700000
1.277893 -0.040284 22.700000
1.198342 -0.012678 22.700000
1.118791 0.014929 22.700000
1.038990 0.041787 22.700000
0.958761 0.067357 22.700000
0.878532 0.092928 22.700000
0.798174 0.118073 22.700000
0.717252 0.141356 22.700000
0.636330 0.164639 22.700000
0.555375 0.187803 22.700000
0.473920 0.209148 22.700000
0.392273 0.229732 22.700000
0.310443 0.249591 22.700000
0.228274 0.267994 22.700000
0.145896 0.285425 22.700000
0.063315 0.301869 22.700000
-0.019535 0.316914 22.700000
-0.102645 0.330434 22.700000
-0.185964 0.342573 22.700000
-0.269497 0.353153 22.700000
-0.353236 0.361964 22.700000
-0.437172 0.368697 22.700000
-0.521271 0.372913 22.700000
-0.605462 0.374382 22.700000
-0.689624 0.372067 22.700000
-0.773466 0.364636 22.700000
-0.856234 0.349537 22.700000
-0.934648 0.319294 22.700000
-0.989491 0.260151 22.700000
-0.932508 0.203179 22.700000
-0.858114 0.163769 22.700000
-0.781297 0.129312 22.700000
-0.703032 0.098276 22.700000
-0.623769 0.069870 22.700000
-0.543808 0.043487 22.700000
-0.463347 0.018664 22.700000
-0.382490 -0.004833 22.700000
-0.301310 -0.027191 22.700000
-0.219858 -0.048538 22.700000
-0.138155 -0.068913 22.700000
-0.056145 -0.088013 22.700000
0.026051 -0.106287 22.700000
0.108409 -0.123819 22.700000
0.190966 -0.140402 22.700000
0.273681 -0.156164 22.700000
0.356485 -0.171459 22.700000
0.439394 -0.186174 22.700000
0.522404 -0.200309 22.700000
0.605450 -0.214235 22.700000
0.688495 -0.228162 22.700000
0.771575 -0.241886 22.700000
0.854676 -0.255474 22.700000
0.937778 -0.269062 22.700000
1.020855 -0.282800 22.700000
1.103896 -0.296754 22.700000
1.186937 -0.310708 22.700000
1.269941 -0.324874 22.700000
1.352812 -0.339802 22.700000
1.435684 -0.354730 22.700000
1.518531 -0.369784 22.700000
1.601117 -0.386219 22.700000
1.683703 -0.402654 22.700000
1.766264 -0.419207 22.700000
1.848450 -0.437533 22.700000
1.930637 -0.455859 22.700000
2.012718 -0.474634 22.700000
2.094385 -0.495153 22.700000
2.176052 -0.515672 22.700000
2.257370 -0.537500 22.700000
2.338410 -0.560369 22.700000
2.419337 -0.583619 22.700000
2.499678 -0.608835 22.700000
2.579974 -0.634186 22.700000
2.659573 -0.661655 22.700000
2.738956 -0.689724 22.700000
2.817798 -0.719296 22.700000
2.896012 -0.750483 22.700000
2.973571 -0.783264 22.700000
