2.703637 -0.625277 38.000000
2.635017 -0.592825 38.000000
2.566059 -0.560869 38.000000
2.496968 -0.529202 38.000000
2.427792 -0.497723 38.000000
2.358514 -0.466468 38.000000
2.289129 -0.435450 38.000000
2.219615 -0.404723 38.000000
2.150009 -0.374206 38.000000
2.080298 -0.343928 38.000000
2.010472 -0.313917 38.000000
1.940525 -0.284190 38.000000
1.870325 -0.255064 38.000000
1.799943 -0.226382 38.000000
1.729391 -0.198124 38.000000
1.658584 -0.170506 38.000000
1.587547 -0.143489 38.000000
1.516346 -0.116906 38.000000
1.444877 -0.091052 38.000000
1.373196 -0.065792 38.000000
1.301376 -0.040929 38.000000
1.229267 -0.016916 38.000000
1.157002 0.006617 38.000000
1.084601 0.029736 38.000000
1.011939 0.052017 38.000000
0.939173 0.073956 38.000000
0.866243 0.095347 38.000000
0.793062 0.115855 38.000000
0.719748 0.135885 38.000000
0.646182 0.154976 38.000000
0.572417 0.173267 38.000000
0.498503 0.190961 38.000000
0.424316 0.207471 38.000000
0.349961 0.223188 38.000000
0.275443 0.238137 38.000000
0.200674 0.251768 38.000000
0.125734 0.264406 38.000000
0.050632 0.276052 38.000000
-0.024664 0.286393 38.000000
-0.100154 0.295164 38.000000
-0.175779 0.302671 38.000000
-0.251534 0.308718 38.000000
-0.327416 0.312954 38.000000
-0.403381 0.315336 38.000000
-0.479383 0.315365 38.000000
-0.555348 0.313058 38.000000
-0.631109 0.307126 38.000000
-0.706375 0.296741 38.000000
-0.780647 0.280787 38.000000
-0.851726 0.254206 38.000000
-0.900843 0.201880 38.000000
-0.852203 0.147412 38.000000
-0.784013 0.114008 38.000000
-0.712994 0.086994 38.000000
-0.640808 0.063232 38.000000
-0.567984 0.041499 38.000000
-0.494719 0.021294 38.000000
-0.421085 0.002483 38.000000
-0.347196 -0.015308 38.000000
-0.273089 -0.032167 38.000000
-0.198798 -0.048198 38.000000
-0.124383 -0.063648 38.000000
-0.049753 -0.078025 38.000000
0.024969 -0.091914 38.000000
0.099778 -0.105324 38.000000
0.174727 -0.117928 38.000000
0.249759 -0.130032 38.000000
0.324848 -0.141775 38.000000
0.400024 -0.152952 38.000000
0.475240 -0.163853 38.000000
0.550481 -0.174583 38.000000
0.625767 -0.184992 38.000000
0.701052 -0.195408 38.000000
0.776337 -0.205828 38.000000
0.851624 -0.216231 38.000000
0.926896 -0.226739 38.000000
1.002144 -0.237416 38.000000
1.077365 -0.248288 38.000000
1.152560 -0.259334 38.000000
1.227680 -0.270877 38.000000
1.302739 -0.282810 38.000000
1.377751 -0.295039 38.000000
1.452622 -0.308101 38.000000
1.527418 -0.321586 38.000000
1.602141 -0.335471 38.000000
1.676716 -0.350128 38.000000
1.751193 -0.365275 38.000000
1.825568 -0.380915 38.000000
1.899796 -0.397240 38.000000
1.973857 -0.414305 38.000000
2.047759 -0.432039 38.000000
2.121490 -0.450476 38.000000
2.195041 -0.469622 38.000000
2.268372 -0.489592 38.000000
2.341489 -0.510334 38.000000
2.414357 -0.531934 38.000000
2.486977 -0.554351 38.000000
2.559320 -0.577649 38.000000
2.631317 -0.601993 38.000000
2.703637 -0.625277 38.000000
