5.407483 -2.599853 1.700000
5.282311 -2.491884 1.700000
5.157139 -2.383916 1.700000
5.030976 -2.277118 1.700000
4.903801 -2.171516 1.700000
4.776621 -2.065920 1.700000
4.646494 -1.963978 1.700000
4.516366 -1.862036 1.700000
4.386239 -1.760095 1.700000
4.256111 -1.658153 1.700000
4.125807 -1.556445 1.700000
3.992042 -1.459327 1.700000
3.858276 -1.362208 1.700000
3.724511 -1.265090 1.700000
3.590745 -1.167971 1.700000
3.456555 -1.071458 1.700000
3.319557 -0.978956 1.700000
3.182558 -0.886454 1.700000
3.045559 -0.793952 1.700000
2.908561 -0.701450 1.700000
2.770710 -0.610264 1.700000
2.630176 -0.523228 1.700000
2.489642 -0.436191 1.700000
2.349108 -0.349154 1.700000
2.208574 -0.262117 1.700000
2.066665 -0.177412 1.700000
1.922463 -0.096596 1.700000
1.778262 -0.015781 1.700000
1.634060 0.065034 1.700000
1.489858 0.145850 1.700000
1.343058 0.221653 1.700000
1.193916 0.292943 1.700000
1.044775 0.364232 1.700000
0.895634 0.435522 1.700000
0.746493 0.506811 1.700000
0.594352 0.571253 1.700000
0.440841 0.632569 1.700000
0.286559 0.691801 1.700000
0.130095 0.745131 1.700000
-0.026370 0.798461 1.700000
-0.185185 0.844169 1.700000
-0.344506 0.888239 1.700000
-0.504857 0.927963 1.700000
-0.667011 0.960078 1.700000
-0.829165 0.992194 1.700000
-0.992845 1.014991 1.700000
-1.157411 1.029509 1.700000
-1.322466 1.034589 1.700000
-1.487623 1.027625 1.700000
-1.645480 0.987336 1.700000
-1.777328 0.887631 1.700000
-1.765011 0.738956 1.700000
-1.656647 0.617255 1.700000
-1.526236 0.515691 1.700000
-1.385273 0.429350 1.700000
-1.240923 0.348875 1.700000
-1.093751 0.273689 1.700000
-0.945185 0.201208 1.700000
-0.796257 0.129501 1.700000
-0.645449 0.061810 1.700000
-0.494641 -0.005881 1.700000
-0.342853 -0.071332 1.700000
-0.190723 -0.135998 1.700000
-0.038593 -0.200664 1.700000
0.113537 -0.265330 1.700000
0.265667 -0.329996 1.700000
0.417681 -0.394934 1.700000
0.569682 -0.459903 1.700000
0.721683 -0.524873 1.700000
0.873684 -0.589842 1.700000
1.025665 -0.654858 1.700000
1.177273 -0.720736 1.700000
1.328882 -0.786615 1.700000
1.480491 -0.852494 1.700000
1.632100 -0.918372 1.700000
1.783709 -0.984251 1.700000
1.935318 -1.050129 1.700000
2.086927 -1.116008 1.700000
2.238536 -1.181887 1.700000
2.390145 -1.247765 1.700000
2.541633 -1.313919 1.700000
2.692912 -1.380554 1.700000
2.844190 -1.447189 1.700000
2.995468 -1.513823 1.700000
3.146746 -1.580458 1.700000
3.297708 -1.647801 1.700000
3.448381 -1.715793 1.700000
3.599054 -1.783785 1.700000
3.749727 -1.851778 1.700000
3.900400 -1.919770 1.700000
4.050653 -1.988682 1.700000
4.200708 -2.058027 1.700000
4.350763 -2.127372 1.700000
4.500818 -2.196717 1.700000
4.650873 -2.266062 1.700000
4.800636 -2.336036 1.700000
4.950342 -2.406130 1.700000
5.099871 -2.476601 1.700000
5.249154 -2.547592 1.700000
5.398438 -2.618583 1.700000
