4.990873 -2.427711 5.500000
4.875546 -2.327312 5.500000
4.760220 -2.226913 5.500000
4.643972 -2.127592 5.500000
4.526784 -2.029373 5.500000
4.409590 -1.931160 5.500000
4.289655 -1.836314 5.500000
4.169719 -1.741469 5.500000
4.049784 -1.646624 5.500000
3.929848 -1.551778 5.500000
3.809749 -1.457148 5.500000
3.686427 -1.366749 5.500000
3.563106 -1.276349 5.500000
3.439785 -1.185950 5.500000
3.316464 -1.095550 5.500000
3.192748 -1.005709 5.500000
3.066417 -0.919566 5.500000
2.940086 -0.833423 5.500000
2.813755 -0.747280 5.500000
2.687424 -0.661137 5.500000
2.560299 -0.576208 5.500000
2.430674 -0.495106 5.500000
2.301050 -0.414003 5.500000
2.171425 -0.332900 5.500000
2.041800 -0.251798 5.500000
1.910895 -0.172846 5.500000
1.777851 -0.097482 5.500000
1.644808 -0.022119 5.500000
1.511765 0.053244 5.500000
1.378721 0.128608 5.500000
1.243253 0.199346 5.500000
1.105600 0.265919 5.500000
0.967948 0.332492 5.500000
0.830295 0.399065 5.500000
0.692643 0.465638 5.500000
0.552186 0.525890 5.500000
0.410449 0.583255 5.500000
0.267991 0.638698 5.500000
0.123488 0.688689 5.500000
-0.021015 0.738680 5.500000
-0.167724 0.781632 5.500000
-0.314908 0.823070 5.500000
-0.463063 0.860492 5.500000
-0.612918 0.890885 5.500000
-0.762772 0.921277 5.500000
-0.914079 0.943056 5.500000
-1.066239 0.957182 5.500000
-1.218892 0.962579 5.500000
-1.371690 0.956836 5.500000
-1.517876 0.920237 5.500000
-1.640257 0.828567 5.500000
-1.629492 0.690993 5.500000
-1.529772 0.577962 5.500000
-1.409572 0.483465 5.500000
-1.279548 0.403004 5.500000
-1.146366 0.327954 5.500000
-1.010552 0.257786 5.500000
-0.873436 0.190114 5.500000
-0.735983 0.123155 5.500000
-0.596773 0.059904 5.500000
-0.457563 -0.003348 5.500000
-0.317438 -0.064531 5.500000
-0.176992 -0.124990 5.500000
-0.036547 -0.185449 5.500000
0.103898 -0.245908 5.500000
0.244344 -0.306367 5.500000
0.384681 -0.367077 5.500000
0.525005 -0.427816 5.500000
0.665330 -0.488555 5.500000
0.805654 -0.549294 5.500000
0.945960 -0.610075 5.500000
1.085918 -0.671654 5.500000
1.225876 -0.733232 5.500000
1.365834 -0.794811 5.500000
1.505792 -0.856389 5.500000
1.645751 -0.917967 5.500000
1.785709 -0.979546 5.500000
1.925667 -1.041124 5.500000
2.065625 -1.102702 5.500000
2.205583 -1.164281 5.500000
2.345429 -1.226113 5.500000
2.485078 -1.288389 5.500000
2.624727 -1.350666 5.500000
2.764376 -1.412942 5.500000
2.904025 -1.475219 5.500000
3.043379 -1.538148 5.500000
3.182462 -1.601678 5.500000
3.321545 -1.665207 5.500000
3.460629 -1.728737 5.500000
3.599712 -1.792266 5.500000
3.738403 -1.856645 5.500000
3.876909 -1.921423 5.500000
4.015415 -1.986201 5.500000
4.153921 -2.050979 5.500000
4.292428 -2.115757 5.500000
4.430661 -2.181116 5.500000
4.568841 -2.246586 5.500000
4.706856 -2.312403 5.500000
4.844641 -2.378701 5.500000
4.982427 -2.444998 5.500000
