2.421238 -0.513060 34.200000
2.359512 -0.485251 34.200000
2.297494 -0.457890 34.200000
2.235361 -0.430790 34.200000
2.173155 -0.403857 34.200000
2.110862 -0.377127 34.200000
2.048478 -0.350610 34.200000
1.985984 -0.324354 34.200000
1.923411 -0.298287 34.200000
1.860749 -0.272435 34.200000
1.797988 -0.246823 34.200000
1.735123 -0.221466 34.200000
1.672044 -0.196650 34.200000
1.608809 -0.172232 34.200000
1.545429 -0.148195 34.200000
1.481833 -0.124733 34.200000
1.418042 -0.101811 34.200000
1.354111 -0.079278 34.200000
1.289953 -0.057400 34.200000
1.225617 -0.036055 34.200000
1.161163 -0.015066 34.200000
1.096465 0.005159 34.200000
1.031635 0.024954 34.200000
0.966692 0.044379 34.200000
0.901529 0.063051 34.200000
0.836280 0.081416 34.200000
0.770893 0.099291 34.200000
0.705297 0.116373 34.200000
0.639590 0.133027 34.200000
0.573674 0.148840 34.200000
0.507593 0.163936 34.200000
0.441390 0.178497 34.200000
0.374963 0.191998 34.200000
0.308398 0.204789 34.200000
0.241702 0.216892 34.200000
0.174802 0.227816 34.200000
0.107768 0.237852 34.200000
0.040604 0.247000 34.200000
-0.026710 0.254982 34.200000
-0.094172 0.261560 34.200000
-0.161734 0.267009 34.200000
-0.229387 0.271154 34.200000
-0.297124 0.273682 34.200000
-0.364904 0.274555 34.200000
-0.432678 0.273329 34.200000
-0.500381 0.270021 34.200000
-0.567843 0.263483 34.200000
-0.634789 0.252983 34.200000
-0.700758 0.237533 34.200000
-0.763705 0.212659 34.200000
-0.806642 0.165189 34.200000
-0.762371 0.117419 34.200000
-0.701013 0.088754 34.200000
-0.637237 0.065834 34.200000
-0.572476 0.045833 34.200000
-0.507177 0.027653 34.200000
-0.441511 0.010842 34.200000
-0.375539 -0.004720 34.200000
-0.309356 -0.019369 34.200000
-0.242995 -0.033181 34.200000
-0.176482 -0.046254 34.200000
-0.109869 -0.058806 34.200000
-0.043082 -0.070397 34.200000
0.023779 -0.081552 34.200000
0.090710 -0.092278 34.200000
0.157753 -0.102284 34.200000
0.224861 -0.111841 34.200000
0.292015 -0.121077 34.200000
0.359236 -0.129806 34.200000
0.426489 -0.138288 34.200000
0.493761 -0.146617 34.200000
0.561068 -0.154660 34.200000
0.628374 -0.162708 34.200000
0.695680 -0.170760 34.200000
0.762988 -0.178797 34.200000
0.830284 -0.186928 34.200000
0.897562 -0.195210 34.200000
0.964818 -0.203666 34.200000
1.032054 -0.212277 34.200000
1.099232 -0.221334 34.200000
1.166362 -0.230739 34.200000
1.233454 -0.240409 34.200000
1.300435 -0.250823 34.200000
1.367355 -0.261617 34.200000
1.434217 -0.272768 34.200000
1.500961 -0.284611 34.200000
1.567624 -0.296891 34.200000
1.634204 -0.309613 34.200000
1.700666 -0.322948 34.200000
1.766990 -0.336946 34.200000
1.833184 -0.351543 34.200000
1.899236 -0.366770 34.200000
1.965139 -0.382632 34.200000
2.030861 -0.399233 34.200000
2.096404 -0.416524 34.200000
2.161739 -0.434586 34.200000
2.226866 -0.453380 34.200000
2.291760 -0.472965 34.200000
2.356364 -0.493488 34.200000
2.421238 -0.513060 34.200000
