2.564001 -0.562606 36.100000
2.498747 -0.532642 36.100000
2.433181 -0.503150 36.100000
2.367491 -0.473934 36.100000
2.301722 -0.444896 36.100000
2.235859 -0.416071 36.100000
2.169899 -0.387472 36.100000
2.103819 -0.359149 36.100000
2.037654 -0.331026 36.100000
1.971393 -0.303130 36.100000
1.905025 -0.275488 36.100000
1.838546 -0.248115 36.100000
1.771834 -0.221314 36.100000
1.704955 -0.194935 36.100000
1.637919 -0.168958 36.100000
1.570649 -0.143590 36.100000
1.503168 -0.118793 36.100000
1.435537 -0.094408 36.100000
1.367659 -0.070715 36.100000
1.299588 -0.047586 36.100000
1.231390 -0.024835 36.100000
1.162927 -0.002891 36.100000
1.094321 0.018598 36.100000
1.025592 0.039695 36.100000
0.956624 0.059995 36.100000
0.887561 0.079970 36.100000
0.818350 0.099426 36.100000
0.748910 0.118044 36.100000
0.679350 0.136208 36.100000
0.609562 0.153481 36.100000
0.539593 0.169995 36.100000
0.469491 0.185944 36.100000
0.399142 0.200769 36.100000
0.328642 0.214842 36.100000
0.257998 0.228188 36.100000
0.187129 0.240284 36.100000
0.116110 0.251439 36.100000
0.044948 0.261653 36.100000
-0.026383 0.270632 36.100000
-0.097882 0.278124 36.100000
-0.169495 0.284418 36.100000
-0.241215 0.289329 36.100000
-0.313036 0.292527 36.100000
-0.384916 0.293970 36.100000
-0.456805 0.293187 36.100000
-0.528634 0.290194 36.100000
-0.600233 0.283775 36.100000
-0.671315 0.273149 36.100000
-0.741398 0.257266 36.100000
-0.808347 0.231366 36.100000
-0.854247 0.181348 36.100000
-0.807659 0.130346 36.100000
-0.742802 0.099477 36.100000
-0.675338 0.074682 36.100000
-0.606806 0.052976 36.100000
-0.537691 0.033196 36.100000
-0.468175 0.014866 36.100000
-0.398324 -0.002142 36.100000
-0.328244 -0.018183 36.100000
-0.257968 -0.033338 36.100000
-0.187526 -0.047710 36.100000
-0.116973 -0.061530 36.100000
-0.046228 -0.074334 36.100000
0.024598 -0.086674 36.100000
0.095501 -0.098560 36.100000
0.166530 -0.109683 36.100000
0.237630 -0.120331 36.100000
0.308781 -0.130638 36.100000
0.380008 -0.140409 36.100000
0.451270 -0.149918 36.100000
0.522554 -0.159264 36.100000
0.593877 -0.168308 36.100000
0.665199 -0.177357 36.100000
0.736521 -0.186410 36.100000
0.807845 -0.195447 36.100000
0.879156 -0.204584 36.100000
0.950446 -0.213880 36.100000
1.021712 -0.223362 36.100000
1.092956 -0.233008 36.100000
1.164134 -0.243125 36.100000
1.235259 -0.253612 36.100000
1.306342 -0.264379 36.100000
1.377301 -0.275936 36.100000
1.448193 -0.287893 36.100000
1.519020 -0.300230 36.100000
1.589716 -0.313299 36.100000
1.660324 -0.326832 36.100000
1.730841 -0.340832 36.100000
1.801227 -0.355482 36.100000
1.871462 -0.370834 36.100000
1.941554 -0.386820 36.100000
2.011492 -0.403473 36.100000
2.081267 -0.420799 36.100000
2.150843 -0.438906 36.100000
2.220224 -0.457745 36.100000
2.289379 -0.477399 36.100000
2.358309 -0.497829 36.100000
2.426985 -0.519095 36.100000
2.495346 -0.541354 36.100000
2.564001 -0.562606 36.100000
