3.435810 -1.074808 18.900000
3.349398 -1.027360 18.900000
3.262920 -0.980031 18.900000
3.176409 -0.932765 18.900000
3.089808 -0.885662 18.900000
3.003164 -0.838638 18.900000
2.916260 -0.792098 18.900000
2.829317 -0.745630 18.900000
2.742011 -0.699850 18.900000
2.654573 -0.654320 18.900000
2.566935 -0.609182 18.900000
2.478830 -0.564956 18.900000
2.390726 -0.520730 18.900000
2.302126 -0.477514 18.900000
2.213219 -0.434924 18.900000
2.124313 -0.392333 18.900000
2.034771 -0.351104 18.900000
1.944997 -0.310374 18.900000
1.855223 -0.269643 18.900000
1.764836 -0.230304 18.900000
1.674178 -0.191579 18.900000
1.583521 -0.152854 18.900000
1.492362 -0.115344 18.900000
1.400800 -0.078811 18.900000
1.309238 -0.042277 18.900000
1.217344 -0.006605 18.900000
1.124881 0.027583 18.900000
1.032417 0.061772 18.900000
0.939780 0.095470 18.900000
0.846384 0.127021 18.900000
0.752987 0.158572 18.900000
0.659546 0.189985 18.900000
0.565423 0.219297 18.900000
0.471034 0.247730 18.900000
0.376394 0.275325 18.900000
0.281278 0.301234 18.900000
0.185868 0.326018 18.900000
0.090166 0.349660 18.900000
-0.005925 0.371678 18.900000
-0.102402 0.391927 18.900000
-0.199196 0.410573 18.900000
-0.296324 0.427406 18.900000
-0.393788 0.442183 18.900000
-0.491592 0.454538 18.900000
-0.589723 0.463959 18.900000
-0.688106 0.470172 18.900000
-0.786658 0.471959 18.900000
-0.885110 0.467745 18.900000
-0.982714 0.454506 18.900000
-1.076036 0.423322 18.900000
-1.143333 0.357082 18.900000
-1.079732 0.287411 18.900000
-0.994831 0.237348 18.900000
-0.906833 0.192948 18.900000
-0.816958 0.152473 18.900000
-0.725776 0.115019 18.900000
-0.633669 0.079895 18.900000
-0.540895 0.046568 18.900000
-0.447585 0.014771 18.900000
-0.353838 -0.015712 18.900000
-0.259719 -0.045027 18.900000
-0.165254 -0.073218 18.900000
-0.070362 -0.099935 18.900000
0.024792 -0.125696 18.900000
0.120175 -0.150597 18.900000
0.215840 -0.174399 18.900000
0.311736 -0.197249 18.900000
0.407759 -0.219557 18.900000
0.503937 -0.241194 18.900000
0.600263 -0.262157 18.900000
0.696643 -0.282878 18.900000
0.793022 -0.303600 18.900000
0.889452 -0.324086 18.900000
0.985915 -0.344414 18.900000
1.082378 -0.364743 18.900000
1.178804 -0.385245 18.900000
1.275176 -0.405998 18.900000
1.371549 -0.426752 18.900000
1.467867 -0.447751 18.900000
1.563989 -0.469634 18.900000
1.660111 -0.491518 18.900000
1.756199 -0.513548 18.900000
1.851906 -0.537178 18.900000
1.947614 -0.560808 18.900000
2.043286 -0.584576 18.900000
2.138426 -0.610397 18.900000
2.233566 -0.636218 18.900000
2.328558 -0.662557 18.900000
2.422973 -0.690915 18.900000
2.517388 -0.719273 18.900000
2.611325 -0.749142 18.900000
2.704882 -0.780215 18.900000
2.798285 -0.811728 18.900000
2.890899 -0.845508 18.900000
2.983453 -0.879444 18.900000
3.075079 -0.915818 18.900000
3.166419 -0.952885 18.900000
3.257047 -0.991679 18.900000
3.346854 -1.032329 18.900000
3.435810 -1.074808 18.900000
