3.867366 -1.434958 15.100000
3.771319 -1.375506 15.100000
3.675190 -1.316187 15.100000
3.579018 -1.256937 15.100000
3.482734 -1.197870 15.100000
3.386397 -1.138890 15.100000
3.289732 -1.080448 15.100000
3.193019 -1.022086 15.100000
3.095849 -0.964490 15.100000
2.998514 -0.907172 15.100000
2.900925 -0.850291 15.100000
2.802749 -0.794425 15.100000
2.704573 -0.738559 15.100000
2.605769 -0.683820 15.100000
2.506577 -0.629778 15.100000
2.407386 -0.575735 15.100000
2.307386 -0.523213 15.100000
2.207090 -0.471248 15.100000
2.106795 -0.419283 15.100000
2.005715 -0.368873 15.100000
1.904290 -0.319149 15.100000
1.802864 -0.269426 15.100000
1.700792 -0.221063 15.100000
1.598200 -0.173793 15.100000
1.495608 -0.126523 15.100000
1.392585 -0.080220 15.100000
1.288822 -0.035580 15.100000
1.185059 0.009061 15.100000
1.081068 0.053150 15.100000
0.976080 0.094828 15.100000
0.871091 0.136505 15.100000
0.766044 0.178028 15.100000
0.660090 0.217187 15.100000
0.553781 0.255356 15.100000
0.447133 0.292581 15.100000
0.339841 0.327907 15.100000
0.232144 0.361961 15.100000
0.124046 0.394726 15.100000
0.015405 0.425657 15.100000
-0.093782 0.454586 15.100000
-0.203429 0.481700 15.100000
-0.313565 0.506759 15.100000
-0.424210 0.529485 15.100000
-0.535387 0.549461 15.100000
-0.647114 0.566098 15.100000
-0.759320 0.579080 15.100000
-0.871985 0.587006 15.100000
-0.984892 0.588061 15.100000
-1.097369 0.578738 15.100000
-1.206016 0.548625 15.100000
-1.286977 0.476845 15.100000
-1.218358 0.393326 15.100000
-1.124196 0.330972 15.100000
-1.026152 0.274914 15.100000
-0.925726 0.223235 15.100000
-0.823624 0.174934 15.100000
-0.720324 0.129245 15.100000
-0.616154 0.085572 15.100000
-0.511280 0.043618 15.100000
-0.405827 0.003141 15.100000
-0.299878 -0.036021 15.100000
-0.193466 -0.073918 15.100000
-0.086478 -0.110153 15.100000
0.020866 -0.145310 15.100000
0.128525 -0.179498 15.100000
0.236571 -0.212444 15.100000
0.344938 -0.244315 15.100000
0.453485 -0.275573 15.100000
0.562247 -0.306072 15.100000
0.671220 -0.335809 15.100000
0.780268 -0.365273 15.100000
0.889316 -0.394737 15.100000
0.998435 -0.423934 15.100000
1.107602 -0.452954 15.100000
1.216769 -0.481973 15.100000
1.325884 -0.511188 15.100000
1.434922 -0.540689 15.100000
1.543960 -0.570189 15.100000
1.652921 -0.599966 15.100000
1.761606 -0.630744 15.100000
1.870290 -0.661522 15.100000
1.978926 -0.692466 15.100000
2.087031 -0.725218 15.100000
2.195137 -0.757971 15.100000
2.303194 -0.790878 15.100000
2.410519 -0.826103 15.100000
2.517845 -0.861328 15.100000
2.624970 -0.897138 15.100000
2.731314 -0.935223 15.100000
2.837658 -0.973308 15.100000
2.943366 -1.013093 15.100000
3.048566 -1.054234 15.100000
3.153564 -1.095868 15.100000
3.257523 -1.140050 15.100000
3.361406 -1.184406 15.100000
3.464080 -1.231498 15.100000
3.566386 -1.279364 15.100000
3.667774 -1.329165 15.100000
3.768111 -1.381040 15.100000
3.867366 -1.434958 15.100000
