3.187730 -1.319423 12.600000
3.174528 -1.311868 12.600000
3.135940 -1.289026 12.600000
3.074096 -1.250684 12.600000
2.991225 -1.197713 12.600000
2.889614 -1.131560 12.600000
2.771070 -1.054116 12.600000
2.637129 -0.967562 12.600000
2.489025 -0.873851 12.600000
2.327845 -0.774927 12.600000
2.154547 -0.672082 12.600000
1.970786 -0.566251 12.600000
1.778553 -0.458755 12.600000
1.579993 -0.351030 12.600000
1.377062 -0.244483 12.600000
1.171767 -0.140642 12.600000
0.966081 -0.040871 12.600000
0.762040 0.053491 12.600000
0.561336 0.141243 12.600000
0.365838 0.221365 12.600000
0.177260 0.292946 12.600000
-0.002843 0.355295 12.600000
-0.172880 0.407802 12.600000
-0.331404 0.450117 12.600000
-0.477077 0.481985 12.600000
-0.608822 0.503358 12.600000
-0.725706 0.514449 12.600000
-0.826902 0.515810 12.600000
-0.911631 0.508364 12.600000
-0.979074 0.493364 12.600000
-1.028344 0.472237 12.600000
-1.058429 0.447301 12.600000
-1.064093 0.420870 12.600000
-1.043079 0.389968 12.600000
-0.997541 0.351803 12.600000
-0.928175 0.307460 12.600000
-0.835675 0.257424 12.600000
-0.720703 0.202020 12.600000
-0.584453 0.141494 12.600000
-0.428263 0.076099 12.600000
-0.253847 0.006147 12.600000
-0.063189 -0.067988 12.600000
0.141493 -0.145887 12.600000
0.357644 -0.226990 12.600000
0.582725 -0.310693 12.600000
0.813953 -0.396144 12.600000
1.048552 -0.482593 12.600000
1.283781 -0.569202 12.600000
1.516797 -0.655144 12.600000
1.744859 -0.739584 12.600000
1.965149 -0.821752 12.600000
2.174976 -0.900934 12.600000
2.371461 -0.976386 12.600000
2.551856 -1.047170 12.600000
2.713696 -1.112265 12.600000
2.854558 -1.170668 12.600000
2.972476 -1.221118 12.600000
3.065816 -1.262391 12.600000
3.133300 -1.293360 12.600000
3.174116 -1.312743 12.600000
3.187730 -1.319423 12.600000
