2.551290 -0.617693 33.200000
2.537447 -0.611209 33.200000
2.496158 -0.591957 33.200000
2.428121 -0.560324 33.200000
2.334461 -0.516870 33.200000
2.216757 -0.462661 33.200000
2.076786 -0.399279 33.200000
1.916763 -0.328882 33.200000
1.739099 -0.253854 33.200000
1.546538 -0.176695 33.200000
1.342162 -0.099701 33.200000
1.129270 -0.024859 33.200000
0.911392 0.045898 33.200000
0.692138 0.110973 33.200000
0.475112 0.168739 33.200000
0.368572 0.194389 33.200000
0.263941 0.217669 33.200000
0.161656 0.238436 33.200000
0.062123 0.256592 33.200000
-0.034198 0.272098 33.200000
-0.126848 0.284914 33.200000
-0.215480 0.294993 33.200000
-0.299678 0.302415 33.200000
-0.379077 0.307197 33.200000
-0.453296 0.309430 33.200000
-0.521945 0.309233 33.200000
-0.584795 0.306660 33.200000
-0.641567 0.301679 33.200000
-0.691995 0.294190 33.200000
-0.735993 0.283956 33.200000
-0.773267 0.271158 33.200000
-0.803615 0.256323 33.200000
-0.826622 0.240574 33.200000
-0.841939 0.225053 33.200000
-0.849260 0.210728 33.200000
-0.848569 0.197669 33.200000
-0.840013 0.185262 33.200000
-0.823925 0.172436 33.200000
-0.800626 0.158153 33.200000
-0.770354 0.142037 33.200000
-0.733166 0.124138 33.200000
-0.689195 0.104958 33.200000
-0.638469 0.084970 33.200000
-0.581186 0.064547 33.200000
-0.517619 0.043755 33.200000
-0.447954 0.022712 33.200000
-0.372541 0.001464 33.200000
-0.291687 -0.019768 33.200000
-0.205724 -0.040868 33.200000
-0.114984 -0.061577 33.200000
-0.019783 -0.081709 33.200000
0.079453 -0.101090 33.200000
0.182282 -0.119612 33.200000
0.288271 -0.137278 33.200000
0.396896 -0.154323 33.200000
0.619959 -0.187154 33.200000
0.847103 -0.219641 33.200000
1.074007 -0.253114 33.200000
1.296428 -0.288599 33.200000
1.510218 -0.326711 33.200000
1.711608 -0.367403 33.200000
1.897104 -0.410081 33.200000
2.063658 -0.453502 33.200000
2.208719 -0.495861 33.200000
2.330063 -0.535035 33.200000
2.426054 -0.568863 33.200000
2.495384 -0.595155 33.200000
2.537274 -0.611923 33.200000
2.551290 -0.617693 33.200000
