1.766284 -0.346755 38.000000
1.756607 -0.342728 38.000000
1.727745 -0.330776 38.000000
1.680188 -0.311143 38.000000
1.614725 -0.284178 38.000000
1.532467 -0.250567 38.000000
1.434680 -0.211338 38.000000
1.322947 -0.167904 38.000000
1.198989 -0.121825 38.000000
1.064763 -0.074734 38.000000
0.922447 -0.028108 38.000000
0.774363 0.016788 38.000000
0.622984 0.058735 38.000000
0.470833 0.096750 38.000000
0.320427 0.129824 38.000000
0.246672 0.144206 38.000000
0.174297 0.157020 38.000000
0.103604 0.168184 38.000000
0.034874 0.177641 38.000000
-0.031576 0.185379 38.000000
-0.095431 0.191385 38.000000
-0.156451 0.195635 38.000000
-0.214354 0.198198 38.000000
-0.268890 0.199097 38.000000
-0.319801 0.198403 38.000000
-0.366824 0.196213 38.000000
-0.409803 0.192568 38.000000
-0.448546 0.187456 38.000000
-0.482868 0.180815 38.000000
-0.512703 0.172487 38.000000
-0.537854 0.162603 38.000000
-0.558200 0.151531 38.000000
-0.573490 0.140053 38.000000
-0.583518 0.128962 38.000000
-0.588105 0.118929 38.000000
-0.587240 0.110004 38.000000
-0.581007 0.101760 38.000000
-0.569602 0.093456 38.000000
-0.553213 0.084368 38.000000
-0.531992 0.074234 38.000000
-0.505980 0.063087 38.000000
-0.475283 0.051264 38.000000
-0.439934 0.039090 38.000000
-0.400080 0.026814 38.000000
-0.355910 0.014474 38.000000
-0.307556 0.002144 38.000000
-0.255257 -0.010153 38.000000
-0.199231 -0.022277 38.000000
-0.139709 -0.034158 38.000000
-0.076927 -0.045627 38.000000
-0.011105 -0.056568 38.000000
0.057458 -0.066873 38.000000
0.128456 -0.076483 38.000000
0.201594 -0.085411 38.000000
0.276519 -0.093835 38.000000
0.430314 -0.109646 38.000000
0.586894 -0.125099 38.000000
0.743339 -0.141236 38.000000
0.896774 -0.158884 38.000000
1.044374 -0.178591 38.000000
1.183557 -0.200437 38.000000
1.311911 -0.224119 38.000000
1.427311 -0.248877 38.000000
1.527954 -0.273552 38.000000
1.612256 -0.296754 38.000000
1.679028 -0.317054 38.000000
1.727310 -0.332989 38.000000
1.756510 -0.343222 38.000000
1.766284 -0.346755 38.000000
