3.163761 -1.375905 11.100000
3.150696 -1.368116 11.100000
3.112520 -1.344592 11.100000
3.051368 -1.305155 11.100000
2.969451 -1.250720 11.100000
2.869033 -1.182770 11.100000
2.751885 -1.103230 11.100000
2.619505 -1.014308 11.100000
2.473091 -0.917978 11.100000
2.313696 -0.816203 11.100000
2.142254 -0.710292 11.100000
1.960404 -0.601210 11.100000
1.770113 -0.490312 11.100000
1.573500 -0.379073 11.100000
1.372496 -0.268934 11.100000
1.169080 -0.161458 11.100000
0.965202 -0.058045 11.100000
0.762870 0.039930 11.100000
0.563759 0.131238 11.100000
0.369717 0.214823 11.100000
0.182442 0.289747 11.100000
0.003476 0.355289 11.100000
-0.165600 0.410812 11.100000
-0.323347 0.455939 11.100000
-0.468430 0.490393 11.100000
-0.599774 0.514106 11.100000
-0.716442 0.527273 11.100000
-0.817598 0.530434 11.100000
-0.902446 0.524496 11.100000
-0.970146 0.510698 11.100000
-1.019783 0.490450 11.100000
-1.050307 0.466054 11.100000
-1.056440 0.439727 11.100000
-1.035979 0.408457 11.100000
-0.991127 0.369488 11.100000
-0.922560 0.323918 11.100000
-0.830964 0.272245 11.100000
-0.716996 0.214805 11.100000
-0.581845 0.151865 11.100000
-0.426842 0.083703 11.100000
-0.253697 0.010660 11.100000
-0.064388 -0.066854 11.100000
0.138876 -0.148380 11.100000
0.353551 -0.233314 11.100000
0.577107 -0.321007 11.100000
0.806779 -0.410557 11.100000
1.039804 -0.501164 11.100000
1.273455 -0.591943 11.100000
1.504906 -0.682016 11.100000
1.731430 -0.770498 11.100000
1.950224 -0.856571 11.100000
2.158609 -0.939472 11.100000
2.353721 -1.018406 11.100000
2.532829 -1.092386 11.100000
2.693486 -1.160349 11.100000
2.833288 -1.221248 11.100000
2.950290 -1.273788 11.100000
3.042880 -1.316713 11.100000
3.109803 -1.348878 11.100000
3.150268 -1.368984 11.100000
3.163761 -1.375905 11.100000
