3.155098 -0.967140 25.300000
3.138214 -0.957961 25.300000
3.087850 -0.930695 25.300000
3.004852 -0.885879 25.300000
2.890590 -0.824300 25.300000
2.746964 -0.747415 25.300000
2.576086 -0.657344 25.300000
2.380573 -0.556961 25.300000
2.163271 -0.449438 25.300000
1.927435 -0.338121 25.300000
1.676760 -0.226121 25.300000
1.415237 -0.116181 25.300000
1.147149 -0.010993 25.300000
0.876908 0.087170 25.300000
0.608912 0.175992 25.300000
0.477145 0.216199 25.300000
0.347598 0.253286 25.300000
0.220804 0.287044 25.300000
0.097268 0.317319 25.300000
-0.022437 0.344026 25.300000
-0.137738 0.367082 25.300000
-0.248203 0.386400 25.300000
-0.353304 0.402050 25.300000
-0.452581 0.414027 25.300000
-0.545549 0.422414 25.300000
-0.631711 0.427333 25.300000
-0.710774 0.428835 25.300000
-0.782391 0.426856 25.300000
-0.846236 0.421254 25.300000
-0.902220 0.411723 25.300000
-0.949957 0.398467 25.300000
-0.989157 0.382134 25.300000
-1.019213 0.364103 25.300000
-1.039603 0.345778 25.300000
-1.049868 0.328354 25.300000
-1.049983 0.311913 25.300000
-1.040180 0.295701 25.300000
-1.020956 0.278395 25.300000
-0.992795 0.258717 25.300000
-0.956018 0.236215 25.300000
-0.910699 0.210956 25.300000
-0.856964 0.183577 25.300000
-0.794812 0.154678 25.300000
-0.724466 0.124738 25.300000
-0.646261 0.093863 25.300000
-0.560423 0.062212 25.300000
-0.467388 0.029874 25.300000
-0.367522 -0.002855 25.300000
-0.261236 -0.035803 25.300000
-0.148926 -0.068619 25.300000
-0.030974 -0.101047 25.300000
0.092097 -0.132836 25.300000
0.219742 -0.163818 25.300000
0.351417 -0.193964 25.300000
0.486446 -0.223527 25.300000
0.763894 -0.281514 25.300000
1.046490 -0.339375 25.300000
1.328711 -0.398457 25.300000
1.605153 -0.459725 25.300000
1.870567 -0.523641 25.300000
2.120227 -0.589861 25.300000
2.349792 -0.657377 25.300000
2.555531 -0.724400 25.300000
2.734378 -0.788473 25.300000
2.883704 -0.846764 25.300000
3.001615 -0.896438 25.300000
3.086638 -0.934649 25.300000
3.137944 -0.958844 25.300000
3.155098 -0.967140 25.300000
