3.253177 -1.148625 19.000000
3.235945 -1.138296 19.000000
3.184533 -1.107607 19.000000
3.099805 -1.057154 19.000000
2.983156 -0.987820 19.000000
2.836507 -0.901210 19.000000
2.661971 -0.799632 19.000000
2.462154 -0.686201 19.000000
2.239892 -0.564357 19.000000
1.998438 -0.437736 19.000000
1.741513 -0.309751 19.000000
1.473166 -0.183442 19.000000
1.197754 -0.061808 19.000000
0.919784 0.052582 19.000000
0.643750 0.157117 19.000000
0.507879 0.204895 19.000000
0.374190 0.249317 19.000000
0.243230 0.290141 19.000000
0.115521 0.327183 19.000000
-0.008343 0.360331 19.000000
-0.127768 0.389472 19.000000
-0.242305 0.414497 19.000000
-0.351400 0.435454 19.000000
-0.454572 0.452320 19.000000
-0.551313 0.465159 19.000000
-0.641096 0.474077 19.000000
-0.723615 0.479114 19.000000
-0.798507 0.480190 19.000000
-0.865442 0.477138 19.000000
-0.924336 0.469639 19.000000
-0.974781 0.457887 19.000000
-1.016443 0.442547 19.000000
-1.048629 0.425031 19.000000
-1.070731 0.406785 19.000000
-1.082218 0.389034 19.000000
-1.083059 0.371867 19.000000
-1.073531 0.354502 19.000000
-1.054210 0.335582 19.000000
-1.025657 0.313793 19.000000
-0.988231 0.288675 19.000000
-0.942001 0.260303 19.000000
-0.887074 0.229348 19.000000
-0.823422 0.196435 19.000000
-0.751257 0.162076 19.000000
-0.670923 0.126394 19.000000
-0.582652 0.089569 19.000000
-0.486891 0.051709 19.000000
-0.384015 0.013142 19.000000
-0.274440 -0.025937 19.000000
-0.158568 -0.065141 19.000000
-0.036787 -0.104188 19.000000
0.090371 -0.142792 19.000000
0.222342 -0.180753 19.000000
0.358558 -0.218018 19.000000
0.498303 -0.254822 19.000000
0.785563 -0.327563 19.000000
1.078205 -0.400399 19.000000
1.370403 -0.474493 19.000000
1.656468 -0.550617 19.000000
1.930898 -0.629023 19.000000
2.188771 -0.709145 19.000000
2.425597 -0.789738 19.000000
2.637559 -0.868772 19.000000
2.821560 -0.943545 19.000000
2.974978 -1.010982 19.000000
3.095961 -1.068041 19.000000
3.183094 -1.111684 19.000000
3.235623 -1.139207 19.000000
3.253177 -1.148625 19.000000
