3.205511 -1.056089 22.200000
3.188443 -1.046344 22.200000
3.137526 -1.017392 22.200000
3.053614 -0.969799 22.200000
2.938092 -0.904402 22.200000
2.792871 -0.822728 22.200000
2.620065 -0.726992 22.200000
2.422289 -0.620186 22.200000
2.202386 -0.505617 22.200000
1.963613 -0.386773 22.200000
1.709682 -0.266915 22.200000
1.444614 -0.148931 22.200000
1.172733 -0.035667 22.200000
0.898499 0.070459 22.200000
0.626363 0.166987 22.200000
0.492487 0.210905 22.200000
0.360814 0.251585 22.200000
0.231886 0.288803 22.200000
0.106214 0.322389 22.200000
-0.015616 0.352246 22.200000
-0.133022 0.378276 22.200000
-0.245561 0.400382 22.200000
-0.352694 0.418621 22.200000
-0.453950 0.432982 22.200000
-0.548832 0.443537 22.200000
-0.636828 0.450402 22.200000
-0.717639 0.453621 22.200000
-0.790910 0.453123 22.200000
-0.856311 0.448754 22.200000
-0.913758 0.440200 22.200000
-0.962851 0.427663 22.200000
-1.003281 0.411797 22.200000
-1.034398 0.394000 22.200000
-1.055637 0.375697 22.200000
-1.066504 0.358099 22.200000
-1.066972 0.341291 22.200000
-1.057294 0.324505 22.200000
-1.038005 0.306400 22.200000
-1.009629 0.285680 22.200000
-0.972504 0.261888 22.200000
-0.926703 0.235096 22.200000
-0.872341 0.205957 22.200000
-0.809406 0.175083 22.200000
-0.738114 0.142972 22.200000
-0.658806 0.109736 22.200000
-0.571711 0.075546 22.200000
-0.477270 0.040499 22.200000
-0.375855 0.004907 22.200000
-0.267877 -0.031046 22.200000
-0.153738 -0.066992 22.200000
-0.033823 -0.102662 22.200000
0.091342 -0.137787 22.200000
0.221200 -0.172184 22.200000
0.355196 -0.205812 22.200000
0.492634 -0.238916 22.200000
0.775092 -0.304115 22.200000
1.062815 -0.369297 22.200000
1.350130 -0.435717 22.200000
1.631489 -0.504251 22.200000
1.901515 -0.575257 22.200000
2.155383 -0.648283 22.200000
2.388677 -0.722207 22.200000
2.597620 -0.795120 22.200000
2.779128 -0.864443 22.200000
2.930572 -0.927225 22.200000
3.050080 -0.980527 22.200000
3.136202 -1.021409 22.200000
3.188148 -1.047241 22.200000
3.205511 -1.056089 22.200000
