2.959215 -0.835867 28.500000
2.943297 -0.827665 28.500000
2.895815 -0.803304 28.500000
2.817570 -0.763266 28.500000
2.709854 -0.708257 28.500000
2.574467 -0.639596 28.500000
2.413420 -0.559214 28.500000
2.229210 -0.469732 28.500000
2.024555 -0.374050 28.500000
1.802556 -0.275215 28.500000
1.566719 -0.176050 28.500000
1.320818 -0.079027 28.500000
1.068899 0.013432 28.500000
0.815120 0.099303 28.500000
0.563624 0.176518 28.500000
0.440042 0.211255 28.500000
0.318592 0.243132 28.500000
0.199775 0.271964 28.500000
0.084066 0.297618 28.500000
-0.028001 0.320028 28.500000
-0.135891 0.339127 28.500000
-0.239197 0.354845 28.500000
-0.337431 0.367254 28.500000
-0.430164 0.376364 28.500000
-0.516945 0.382258 28.500000
-0.597314 0.385063 28.500000
-0.671000 0.384830 28.500000
-0.737676 0.381509 28.500000
-0.797038 0.374972 28.500000
-0.848995 0.364938 28.500000
-0.893193 0.351604 28.500000
-0.929374 0.335580 28.500000
-0.957002 0.318162 28.500000
-0.975619 0.300670 28.500000
-0.984822 0.284225 28.500000
-0.984590 0.268907 28.500000
-0.975123 0.254006 28.500000
-0.956857 0.238281 28.500000
-0.930216 0.220530 28.500000
-0.895492 0.200327 28.500000
-0.852751 0.177731 28.500000
-0.802127 0.153334 28.500000
-0.743631 0.127694 28.500000
-0.677479 0.101255 28.500000
-0.603987 0.074105 28.500000
-0.523368 0.046391 28.500000
-0.436030 0.018185 28.500000
-0.342321 -0.010244 28.500000
-0.242626 -0.038745 28.500000
-0.137322 -0.066998 28.500000
-0.026770 -0.094774 28.500000
0.088538 -0.121848 28.500000
0.208090 -0.148076 28.500000
0.331379 -0.173443 28.500000
0.457781 -0.198197 28.500000
0.717446 -0.246491 28.500000
0.981902 -0.294563 28.500000
1.246036 -0.343778 28.500000
1.504831 -0.395150 28.500000
1.753407 -0.449217 28.500000
1.987354 -0.505755 28.500000
2.202608 -0.563914 28.500000
2.395655 -0.622107 28.500000
2.563590 -0.678106 28.500000
2.703903 -0.729327 28.500000
2.814773 -0.773169 28.500000
2.894767 -0.807012 28.500000
2.943063 -0.828493 28.500000
2.959215 -0.835867 28.500000
