3.239896 -1.185569 17.400000
3.222782 -1.175045 17.400000
3.171723 -1.143773 17.400000
3.087575 -1.092359 17.400000
2.971722 -1.021702 17.400000
2.826068 -0.933429 17.400000
2.652699 -0.829871 17.400000
2.454186 -0.714174 17.400000
2.233325 -0.589808 17.400000
1.993327 -0.460449 17.400000
1.737875 -0.329549 17.400000
1.470983 -0.200193 17.400000
1.196973 -0.075434 17.400000
0.920323 0.042112 17.400000
0.645496 0.149781 17.400000
0.510178 0.199102 17.400000
0.377003 0.245043 17.400000
0.246516 0.287354 17.400000
0.119237 0.325847 17.400000
-0.004243 0.360402 17.400000
-0.123328 0.390901 17.400000
-0.237573 0.417227 17.400000
-0.346422 0.439424 17.400000
-0.449396 0.457463 17.400000
-0.545984 0.471402 17.400000
-0.635660 0.481342 17.400000
-0.718116 0.487317 17.400000
-0.792991 0.489245 17.400000
-0.859956 0.486956 17.400000
-0.918932 0.480127 17.400000
-0.969507 0.468950 17.400000
-1.011341 0.454084 17.400000
-1.043724 0.436936 17.400000
-1.066032 0.418942 17.400000
-1.077721 0.401324 17.400000
-1.078757 0.384167 17.400000
-1.069428 0.366695 17.400000
-1.050323 0.347557 17.400000
-1.022020 0.325444 17.400000
-0.984882 0.299902 17.400000
-0.938978 0.271006 17.400000
-0.884406 0.239427 17.400000
-0.821134 0.205792 17.400000
-0.749364 0.170614 17.400000
-0.669441 0.134021 17.400000
-0.581595 0.096193 17.400000
-0.486272 0.057246 17.400000
-0.383840 0.017511 17.400000
-0.274718 -0.022812 17.400000
-0.159299 -0.063333 17.400000
-0.037970 -0.103763 17.400000
0.088741 -0.143811 17.400000
0.220270 -0.183272 17.400000
0.356054 -0.222084 17.400000
0.495371 -0.260476 17.400000
0.781785 -0.336481 17.400000
1.073579 -0.412642 17.400000
1.364914 -0.490056 17.400000
1.650095 -0.569430 17.400000
1.923616 -0.650955 17.400000
2.180559 -0.734005 17.400000
2.416454 -0.817289 17.400000
2.627502 -0.898730 17.400000
2.810640 -0.975591 17.400000
2.963281 -1.044770 17.400000
3.083607 -1.103202 17.400000
3.170237 -1.147834 17.400000
3.222450 -1.175953 17.400000
3.239896 -1.185569 17.400000
