3.224977 -1.225569 15.800000
3.207995 -1.214834 15.800000
3.157327 -1.182932 15.800000
3.073821 -1.130481 15.800000
2.958852 -1.058396 15.800000
2.814302 -0.968328 15.800000
2.642227 -0.862632 15.800000
2.445161 -0.744487 15.800000
2.225856 -0.617399 15.800000
1.987477 -0.485079 15.800000
1.733664 -0.351028 15.800000
1.468394 -0.218380 15.800000
1.195948 -0.090239 15.800000
0.920774 0.030720 15.800000
0.647300 0.141782 15.800000
0.512602 0.192774 15.800000
0.380006 0.240359 15.800000
0.250053 0.284282 15.800000
0.123260 0.324347 15.800000
0.000217 0.360427 15.800000
-0.118482 0.392397 15.800000
-0.232392 0.420135 15.800000
-0.340958 0.443677 15.800000
-0.443701 0.462989 15.800000
-0.540109 0.478122 15.800000
-0.629655 0.489171 15.800000
-0.712031 0.496166 15.800000
-0.786877 0.499020 15.800000
-0.853865 0.497559 15.800000
-0.912921 0.491461 15.800000
-0.963630 0.480910 15.800000
-1.005645 0.466564 15.800000
-1.038238 0.449818 15.800000
-1.060767 0.432101 15.800000
-1.072672 0.414629 15.800000
-1.073921 0.397487 15.800000
-1.064808 0.379900 15.800000
-1.045942 0.360527 15.800000
-1.017915 0.338065 15.800000
-0.981095 0.312066 15.800000
-0.935553 0.282604 15.800000
-0.881376 0.250353 15.800000
-0.818525 0.215937 15.800000
-0.747195 0.179874 15.800000
-0.667732 0.142294 15.800000
-0.580360 0.103383 15.800000
-0.485526 0.063259 15.800000
-0.383594 0.022259 15.800000
-0.274979 -0.019411 15.800000
-0.160071 -0.061357 15.800000
-0.039251 -0.103285 15.800000
0.086954 -0.144898 15.800000
0.217986 -0.185983 15.800000
0.353278 -0.226473 15.800000
0.492110 -0.266586 15.800000
0.777562 -0.346129 15.800000
1.068391 -0.425895 15.800000
1.358746 -0.506908 15.800000
1.642923 -0.589805 15.800000
1.915413 -0.674708 15.800000
2.171310 -0.760932 15.800000
2.406155 -0.847128 15.800000
2.616180 -0.931174 15.800000
2.798353 -1.010295 15.800000
2.950126 -1.081358 15.800000
3.069720 -1.141274 15.800000
3.155791 -1.186974 15.800000
3.207652 -1.215737 15.800000
3.224977 -1.225569 15.800000
