3.093438 -0.911739 26.900000
3.076842 -0.902948 26.900000
3.027337 -0.876836 26.900000
2.945756 -0.833918 26.900000
2.833446 -0.774951 26.900000
2.692280 -0.701336 26.900000
2.524342 -0.615125 26.900000
2.332222 -0.519096 26.900000
2.118735 -0.416322 26.900000
1.887095 -0.310035 26.900000
1.640947 -0.203238 26.900000
1.384221 -0.098568 26.900000
1.121128 0.001389 26.900000
0.856006 0.094457 26.900000
0.593177 0.178422 26.900000
0.463988 0.216319 26.900000
0.337000 0.251191 26.900000
0.212738 0.282839 26.900000
0.091697 0.311117 26.900000
-0.025564 0.335950 26.900000
-0.138482 0.357262 26.900000
-0.246634 0.374972 26.900000
-0.349506 0.389153 26.900000
-0.446647 0.399808 26.900000
-0.537586 0.407020 26.900000
-0.621836 0.410916 26.900000
-0.699115 0.411547 26.900000
-0.769078 0.408857 26.900000
-0.831410 0.402707 26.900000
-0.886017 0.392801 26.900000
-0.932526 0.379342 26.900000
-0.970660 0.362967 26.900000
-0.999841 0.345029 26.900000
-1.019572 0.326906 26.900000
-1.029420 0.309770 26.900000
-1.029358 0.293703 26.900000
-1.019607 0.277963 26.900000
-1.000638 0.261255 26.900000
-0.972910 0.242324 26.900000
-0.936734 0.220723 26.900000
-0.892180 0.196519 26.900000
-0.839379 0.170332 26.900000
-0.778339 0.142748 26.900000
-0.709278 0.114235 26.900000
-0.632528 0.084890 26.900000
-0.548312 0.054869 26.900000
-0.457054 0.024251 26.900000
-0.359118 -0.006676 26.900000
-0.254905 -0.037750 26.900000
-0.144807 -0.068630 26.900000
-0.029200 -0.099072 26.900000
0.091404 -0.128836 26.900000
0.216468 -0.157761 26.900000
0.345462 -0.185828 26.900000
0.477726 -0.213290 26.900000
0.749467 -0.267022 26.900000
1.026235 -0.320576 26.900000
1.302650 -0.375327 26.900000
1.573442 -0.432276 26.900000
1.833485 -0.491929 26.900000
2.078156 -0.554000 26.900000
2.303205 -0.617550 26.900000
2.504965 -0.680871 26.900000
2.680415 -0.741592 26.900000
2.826954 -0.796976 26.900000
2.942705 -0.844271 26.900000
3.026194 -0.880713 26.900000
3.076587 -0.903814 26.900000
3.093438 -0.911739 26.900000
