2.964833 -1.449057 7.900000
2.952678 -1.441060 7.900000
2.917197 -1.416960 7.900000
2.860435 -1.376680 7.900000
2.784467 -1.321186 7.900000
2.691393 -1.251993 7.900000
2.582824 -1.171015 7.900000
2.460099 -1.080424 7.900000
2.324277 -0.982159 7.900000
2.176281 -0.878140 7.900000
2.016950 -0.769658 7.900000
1.847807 -0.657704 7.900000
1.670676 -0.543656 7.900000
1.487517 -0.429014 7.900000
1.300116 -0.315237 7.900000
1.110297 -0.203902 7.900000
0.919864 -0.096430 7.900000
0.730678 0.005780 7.900000
0.544287 0.101482 7.900000
0.362411 0.189590 7.900000
0.186635 0.269134 7.900000
0.018400 0.339360 7.900000
-0.140810 0.399591 7.900000
-0.289634 0.449409 7.900000
-0.426810 0.488489 7.900000
-0.551313 0.516724 7.900000
-0.662240 0.534257 7.900000
-0.758769 0.541571 7.900000
-0.840100 0.539497 7.900000
-0.905377 0.529186 7.900000
-0.953669 0.511944 7.900000
-0.983873 0.489927 7.900000
-0.990850 0.465030 7.900000
-0.972626 0.434280 7.900000
-0.931420 0.395139 7.900000
-0.867833 0.348683 7.900000
-0.782499 0.295418 7.900000
-0.676031 0.235693 7.900000
-0.549554 0.169813 7.900000
-0.404330 0.098100 7.900000
-0.241976 0.020954 7.900000
-0.064365 -0.061151 7.900000
0.126410 -0.147683 7.900000
0.327944 -0.237955 7.900000
0.537849 -0.331241 7.900000
0.753518 -0.426560 7.900000
0.972346 -0.523031 7.900000
1.191766 -0.619694 7.900000
1.409113 -0.715589 7.900000
1.621820 -0.809754 7.900000
1.827242 -0.901289 7.900000
2.022852 -0.989352 7.900000
2.205947 -1.073060 7.900000
2.373959 -1.151356 7.900000
2.524596 -1.223118 7.900000
2.655602 -1.287245 7.900000
2.765178 -1.342416 7.900000
2.851834 -1.387365 7.900000
2.914419 -1.420940 7.900000
2.952233 -1.441871 7.900000
2.964833 -1.449057 7.900000
