2.054308 -0.435682 36.400000
2.043090 -0.430813 36.400000
2.009632 -0.416361 36.400000
1.954503 -0.392619 36.400000
1.878613 -0.360009 36.400000
1.783250 -0.319347 36.400000
1.669871 -0.271860 36.400000
1.540297 -0.219220 36.400000
1.396510 -0.163280 36.400000
1.240762 -0.105976 36.400000
1.075569 -0.049074 36.400000
0.903616 0.005913 36.400000
0.727768 0.057519 36.400000
0.550950 0.104550 36.400000
0.376081 0.145787 36.400000
0.290297 0.163866 36.400000
0.206096 0.180092 36.400000
0.123826 0.194363 36.400000
0.043818 0.206609 36.400000
-0.033561 0.216808 36.400000
-0.107945 0.224941 36.400000
-0.179052 0.230977 36.400000
-0.246552 0.234989 36.400000
-0.310155 0.237000 36.400000
-0.369556 0.237090 36.400000
-0.424449 0.235365 36.400000
-0.474650 0.231872 36.400000
-0.519934 0.226592 36.400000
-0.560089 0.219451 36.400000
-0.595040 0.210263 36.400000
-0.624554 0.199177 36.400000
-0.648484 0.186620 36.400000
-0.666522 0.173501 36.400000
-0.678417 0.160739 36.400000
-0.683944 0.149117 36.400000
-0.683093 0.138689 36.400000
-0.675968 0.128964 36.400000
-0.662809 0.119074 36.400000
-0.643852 0.108185 36.400000
-0.619276 0.095988 36.400000
-0.589129 0.082525 36.400000
-0.553528 0.068191 36.400000
-0.512508 0.053366 36.400000
-0.466234 0.038343 36.400000
-0.414925 0.023168 36.400000
-0.358736 0.007931 36.400000
-0.297945 -0.007338 36.400000
-0.232803 -0.022470 36.400000
-0.163578 -0.037380 36.400000
-0.090543 -0.051868 36.400000
-0.013953 -0.065793 36.400000
0.065846 -0.079024 36.400000
0.148498 -0.091487 36.400000
0.233659 -0.103194 36.400000
0.320912 -0.114343 36.400000
0.500040 -0.135502 36.400000
0.682422 -0.156293 36.400000
0.864637 -0.177879 36.400000
1.043311 -0.201175 36.400000
1.215144 -0.226769 36.400000
1.377119 -0.254710 36.400000
1.526431 -0.284602 36.400000
1.660611 -0.315521 36.400000
1.777580 -0.346081 36.400000
1.875511 -0.374635 36.400000
1.953044 -0.399494 36.400000
2.009086 -0.418936 36.400000
2.042968 -0.431388 36.400000
2.054308 -0.435682 36.400000
