2.824127 -0.761532 30.100000
2.808894 -0.753910 30.100000
2.763456 -0.731277 30.100000
2.688580 -0.694081 30.100000
2.585502 -0.642979 30.100000
2.455951 -0.579205 30.100000
2.301861 -0.504572 30.100000
2.125637 -0.421547 30.100000
1.929895 -0.332856 30.100000
1.717621 -0.241362 30.100000
1.492181 -0.149712 30.100000
1.257194 -0.060212 30.100000
1.016534 0.024878 30.100000
0.774178 0.103681 30.100000
0.534094 0.174277 30.100000
0.416155 0.205918 30.100000
0.300277 0.234863 30.100000
0.186938 0.260941 30.100000
0.076590 0.284032 30.100000
-0.030257 0.304078 30.100000
-0.133093 0.321023 30.100000
-0.231531 0.334803 30.100000
-0.325106 0.345494 30.100000
-0.413412 0.353109 30.100000
-0.496021 0.357732 30.100000
-0.572496 0.359491 30.100000
-0.642580 0.358435 30.100000
-0.705961 0.354521 30.100000
-0.762350 0.347632 30.100000
-0.811655 0.337499 30.100000
-0.853543 0.324316 30.100000
-0.887776 0.308665 30.100000
-0.913857 0.291785 30.100000
-0.931366 0.274936 30.100000
-0.939934 0.259191 30.100000
-0.939540 0.244624 30.100000
-0.930367 0.230558 30.100000
-0.912815 0.215807 30.100000
-0.887274 0.199226 30.100000
-0.854017 0.180402 30.100000
-0.813109 0.159394 30.100000
-0.764681 0.136762 30.100000
-0.708752 0.113037 30.100000
-0.645532 0.088638 30.100000
-0.575322 0.063647 30.100000
-0.498328 0.038200 30.100000
-0.414937 0.012360 30.100000
-0.325484 -0.013619 30.100000
-0.230335 -0.039599 30.100000
-0.129855 -0.065280 30.100000
-0.024389 -0.090447 30.100000
0.085593 -0.114894 30.100000
0.199602 -0.138487 30.100000
0.317156 -0.161218 30.100000
0.437663 -0.183332 30.100000
0.685191 -0.226328 30.100000
0.937274 -0.269057 30.100000
1.189062 -0.312878 30.100000
1.435797 -0.358810 30.100000
1.672843 -0.407421 30.100000
1.896002 -0.458548 30.100000
2.101400 -0.511430 30.100000
2.285676 -0.564594 30.100000
2.446041 -0.615956 30.100000
2.580080 -0.663087 30.100000
2.686031 -0.703532 30.100000
2.762501 -0.734816 30.100000
2.808681 -0.754701 30.100000
2.824127 -0.761532 30.100000
