3.216252 -1.022912 23.700000
3.199084 -1.013344 23.700000
3.147870 -0.984920 23.700000
3.063471 -0.938197 23.700000
2.947279 -0.873996 23.700000
2.801222 -0.793828 23.700000
2.627437 -0.699882 23.700000
2.428568 -0.595125 23.700000
2.207493 -0.482834 23.700000
1.967505 -0.366464 23.700000
1.712348 -0.249236 23.700000
1.446076 -0.133997 23.700000
1.173039 -0.023548 23.700000
0.897723 0.079739 23.700000
0.624604 0.173450 23.700000
0.490282 0.215982 23.700000
0.358196 0.255300 23.700000
0.228889 0.291183 23.700000
0.102878 0.323469 23.700000
-0.019255 0.352066 23.700000
-0.136923 0.376882 23.700000
-0.249685 0.397823 23.700000
-0.357000 0.414955 23.700000
-0.458400 0.428268 23.700000
-0.553386 0.437843 23.700000
-0.641448 0.443798 23.700000
-0.722288 0.446182 23.700000
-0.795549 0.444927 23.700000
-0.860902 0.439882 23.700000
-0.918257 0.430735 23.700000
-0.967219 0.417691 23.700000
-1.007482 0.401409 23.700000
-1.038413 0.383291 23.700000
-1.059462 0.364770 23.700000
-1.070147 0.347060 23.700000
-1.070441 0.330249 23.700000
-1.060590 0.313563 23.700000
-1.041116 0.295658 23.700000
-1.012527 0.275233 23.700000
-0.975158 0.251826 23.700000
-0.929083 0.225508 23.700000
-0.874422 0.196933 23.700000
-0.811172 0.166711 23.700000
-0.739552 0.135338 23.700000
-0.659905 0.102924 23.700000
-0.572461 0.069635 23.700000
-0.477663 0.035566 23.700000
-0.375885 0.001023 23.700000
-0.267542 -0.033812 23.700000
-0.153038 -0.068577 23.700000
-0.032760 -0.103006 23.700000
0.092760 -0.136836 23.700000
0.222967 -0.169889 23.700000
0.357303 -0.202131 23.700000
0.495076 -0.233813 23.700000
0.778193 -0.296091 23.700000
1.066574 -0.358296 23.700000
1.354559 -0.421744 23.700000
1.636612 -0.487367 23.700000
1.907358 -0.555579 23.700000
2.161966 -0.625979 23.700000
2.396012 -0.697488 23.700000
2.605696 -0.768238 23.700000
2.787911 -0.835682 23.700000
2.939996 -0.896896 23.700000
3.060048 -0.948961 23.700000
3.146588 -0.988951 23.700000
3.198798 -1.014245 23.700000
3.216252 -1.022912 23.700000
