3.066683 -1.409285 9.500000
3.054060 -1.401404 9.500000
3.017195 -1.377628 9.500000
2.958178 -1.337829 9.500000
2.879153 -1.282942 9.500000
2.782304 -1.214465 9.500000
2.669325 -1.134317 9.500000
2.541637 -1.044686 9.500000
2.400372 -0.947528 9.500000
2.246519 -0.844783 9.500000
2.080968 -0.737752 9.500000
1.905301 -0.627409 9.500000
1.721415 -0.515122 9.500000
1.531352 -0.402373 9.500000
1.336972 -0.290612 9.500000
1.140180 -0.181407 9.500000
0.942853 -0.076166 9.500000
0.746931 0.023724 9.500000
0.554024 0.117029 9.500000
0.365920 0.202680 9.500000
0.184260 0.279723 9.500000
0.010539 0.347422 9.500000
-0.153711 0.405124 9.500000
-0.307089 0.452431 9.500000
-0.448295 0.489044 9.500000
-0.576281 0.514876 9.500000
-0.690124 0.530098 9.500000
-0.788997 0.535222 9.500000
-0.872102 0.531120 9.500000
-0.938593 0.518985 9.500000
-0.987548 0.500179 9.500000
-1.017893 0.476931 9.500000
-1.024419 0.451306 9.500000
-1.005036 0.420310 9.500000
-0.961951 0.381296 9.500000
-0.895805 0.335348 9.500000
-0.807258 0.282968 9.500000
-0.696945 0.224499 9.500000
-0.566024 0.160224 9.500000
-0.415793 0.090443 9.500000
-0.247916 0.015524 9.500000
-0.064319 -0.064093 9.500000
0.132847 -0.147915 9.500000
0.341103 -0.235298 9.500000
0.557992 -0.325559 9.500000
0.780824 -0.417759 9.500000
1.006914 -0.511060 9.500000
1.233614 -0.604542 9.500000
1.458175 -0.697289 9.500000
1.677950 -0.788381 9.500000
1.890213 -0.876962 9.500000
2.092359 -0.962231 9.500000
2.281603 -1.043353 9.500000
2.455294 -1.119309 9.500000
2.611059 -1.189009 9.500000
2.746569 -1.251381 9.500000
2.859948 -1.305118 9.500000
2.949644 -1.348963 9.500000
3.014452 -1.381766 9.500000
3.053625 -1.402244 9.500000
3.066683 -1.409285 9.500000
