3.265338 -1.113584 20.600000
3.247995 -1.103441 20.600000
3.196257 -1.073306 20.600000
3.110991 -1.023766 20.600000
2.993604 -0.955690 20.600000
2.846032 -0.870662 20.600000
2.670414 -0.770966 20.600000
2.469389 -0.659690 20.600000
2.245830 -0.540243 20.600000
2.003028 -0.416226 20.600000
1.744742 -0.291010 20.600000
1.475053 -0.167593 20.600000
1.198349 -0.048927 20.600000
0.919166 0.062467 20.600000
0.642023 0.164029 20.600000
0.505647 0.210343 20.600000
0.371488 0.253325 20.600000
0.240097 0.292739 20.600000
0.111997 0.328406 20.600000
-0.012217 0.360220 20.600000
-0.131948 0.388076 20.600000
-0.246747 0.411868 20.600000
-0.356061 0.431651 20.600000
-0.459409 0.447407 20.600000
-0.556282 0.459205 20.600000
-0.646156 0.467157 20.600000
-0.728724 0.471307 20.600000
-0.803623 0.471577 20.600000
-0.870521 0.467806 20.600000
-0.929332 0.459674 20.600000
-0.979647 0.447381 20.600000
-1.021142 0.431593 20.600000
-1.053138 0.413733 20.600000
-1.075042 0.395250 20.600000
-1.086338 0.377377 20.600000
-1.086995 0.360202 20.600000
-1.077280 0.342940 20.600000
-1.057757 0.324229 20.600000
-1.028972 0.302748 20.600000
-0.991277 0.278034 20.600000
-0.944745 0.250161 20.600000
-0.889488 0.219798 20.600000
-0.825487 0.187571 20.600000
-0.752956 0.153990 20.600000
-0.672243 0.119174 20.600000
-0.583581 0.083300 20.600000
-0.487419 0.046472 20.600000
-0.384134 0.009012 20.600000
-0.274145 -0.028886 20.600000
-0.157859 -0.066842 20.600000
-0.035664 -0.104578 20.600000
0.091901 -0.141812 20.600000
0.224272 -0.178352 20.600000
0.360881 -0.214151 20.600000
0.501014 -0.249450 20.600000
0.789040 -0.319098 20.600000
1.082447 -0.388784 20.600000
1.375425 -0.459732 20.600000
1.662292 -0.532776 20.600000
1.937549 -0.608228 20.600000
2.196268 -0.685572 20.600000
2.433948 -0.763615 20.600000
2.646746 -0.840366 20.600000
2.831541 -0.913155 20.600000
2.985675 -0.978940 20.600000
3.107265 -1.034694 20.600000
3.194861 -1.077398 20.600000
3.247684 -1.104355 20.600000
3.265338 -1.113584 20.600000
