3.207840 -1.269750 14.200000
3.194522 -1.262400 14.200000
3.155584 -1.240160 14.200000
3.093152 -1.202783 14.200000
3.009468 -1.151106 14.200000
2.906842 -1.086540 14.200000
2.787109 -1.010947 14.200000
2.651840 -0.926483 14.200000
2.502299 -0.835084 14.200000
2.339601 -0.738675 14.200000
2.164727 -0.638535 14.200000
1.979344 -0.535571 14.200000
1.785464 -0.431074 14.200000
1.585255 -0.326446 14.200000
1.380693 -0.223064 14.200000
1.173810 -0.122424 14.200000
0.966599 -0.025860 14.200000
0.761117 0.065321 14.200000
0.559075 0.149945 14.200000
0.362356 0.227020 14.200000
0.172689 0.295664 14.200000
-0.008361 0.355208 14.200000
-0.179194 0.405067 14.200000
-0.338356 0.444915 14.200000
-0.484506 0.474516 14.200000
-0.616567 0.493841 14.200000
-0.733609 0.503114 14.200000
-0.834814 0.502903 14.200000
-0.919417 0.494142 14.200000
-0.986620 0.478097 14.200000
-1.035555 0.456207 14.200000
-1.065250 0.430807 14.200000
-1.070501 0.404291 14.200000
-1.049011 0.373719 14.200000
-1.002885 0.336266 14.200000
-0.932838 0.293006 14.200000
-0.839572 0.244413 14.200000
-0.723754 0.190802 14.200000
-0.586581 0.132398 14.200000
-0.429394 0.069437 14.200000
-0.253912 0.002203 14.200000
-0.062126 -0.068962 14.200000
0.143742 -0.143672 14.200000
0.361127 -0.221407 14.200000
0.587481 -0.301604 14.200000
0.820008 -0.383454 14.200000
1.055921 -0.466247 14.200000
1.292467 -0.549193 14.200000
1.526790 -0.631505 14.200000
1.756136 -0.712392 14.200000
1.977676 -0.791129 14.200000
2.188707 -0.867042 14.200000
2.386340 -0.939433 14.200000
2.567813 -1.007406 14.200000
2.730645 -1.069979 14.200000
2.872398 -1.126188 14.200000
2.991085 -1.174800 14.200000
3.085054 -1.214618 14.200000
3.153011 -1.244535 14.200000
3.194124 -1.263282 14.200000
3.207840 -1.269750 14.200000
