2.688179 -0.688707 31.700000
2.673638 -0.681658 31.700000
2.630263 -0.660730 31.700000
2.558788 -0.626338 31.700000
2.460394 -0.579091 31.700000
2.336735 -0.520139 31.700000
2.189668 -0.451179 31.700000
2.021502 -0.374522 31.700000
1.834755 -0.292722 31.700000
1.632291 -0.208461 31.700000
1.417334 -0.124209 31.700000
1.193347 -0.042112 31.700000
0.964031 0.035736 31.700000
0.733181 0.107599 31.700000
0.504584 0.171703 31.700000
0.392324 0.200311 31.700000
0.282051 0.226386 31.700000
0.174222 0.249772 31.700000
0.069266 0.270359 31.700000
-0.032333 0.288100 31.700000
-0.130090 0.302947 31.700000
-0.223637 0.314844 31.700000
-0.312534 0.323869 31.700000
-0.396396 0.330038 31.700000
-0.474818 0.333439 31.700000
-0.547386 0.334194 31.700000
-0.613858 0.332355 31.700000
-0.673938 0.327886 31.700000
-0.727348 0.320677 31.700000
-0.774000 0.310476 31.700000
-0.813579 0.297470 31.700000
-0.845867 0.282214 31.700000
-0.870407 0.265890 31.700000
-0.886816 0.249698 31.700000
-0.894756 0.234659 31.700000
-0.894208 0.220844 31.700000
-0.885338 0.207610 31.700000
-0.868511 0.193827 31.700000
-0.844084 0.178402 31.700000
-0.812311 0.160942 31.700000
-0.773252 0.141501 31.700000
-0.727042 0.120610 31.700000
-0.673702 0.098770 31.700000
-0.613437 0.076379 31.700000
-0.546535 0.053510 31.700000
-0.473192 0.030289 31.700000
-0.393774 0.006772 31.700000
-0.308605 -0.016805 31.700000
-0.218033 -0.040315 31.700000
-0.122407 -0.063478 31.700000
-0.022057 -0.086093 31.700000
0.082569 -0.107971 31.700000
0.191004 -0.128992 31.700000
0.302792 -0.149152 31.700000
0.417375 -0.168692 31.700000
0.652703 -0.206524 31.700000
0.892350 -0.244049 31.700000
1.131730 -0.282614 31.700000
1.366342 -0.323242 31.700000
1.591795 -0.366526 31.700000
1.804103 -0.412364 31.700000
1.999583 -0.460077 31.700000
2.175031 -0.508311 31.700000
2.327773 -0.555121 31.700000
2.455491 -0.598231 31.700000
2.556483 -0.635334 31.700000
2.629400 -0.664099 31.700000
2.673445 -0.682411 31.700000
2.688179 -0.688707 31.700000
