2.340266 -0.532125 34.800000
2.327528 -0.526373 34.800000
2.289535 -0.509301 34.800000
2.226933 -0.481251 34.800000
2.140755 -0.442720 34.800000
2.032458 -0.394665 34.800000
1.903688 -0.338508 34.800000
1.756497 -0.276194 34.800000
1.593119 -0.209872 34.800000
1.416096 -0.141792 34.800000
1.228273 -0.074013 34.800000
1.032693 -0.008310 34.800000
0.832606 0.053594 34.800000
0.631334 0.110286 34.800000
0.432192 0.160325 34.800000
0.334465 0.182415 34.800000
0.238516 0.202361 34.800000
0.144742 0.220041 34.800000
0.053518 0.235368 34.800000
-0.034737 0.248314 34.800000
-0.119601 0.258848 34.800000
-0.200757 0.266931 34.800000
-0.277825 0.272641 34.800000
-0.350473 0.276000 34.800000
-0.418352 0.277093 34.800000
-0.481108 0.276037 34.800000
-0.538533 0.272883 34.800000
-0.590369 0.267604 34.800000
-0.636375 0.260114 34.800000
-0.676468 0.250197 34.800000
-0.710379 0.238021 34.800000
-0.737934 0.224071 34.800000
-0.758766 0.209380 34.800000
-0.772571 0.194995 34.800000
-0.779081 0.181806 34.800000
-0.778282 0.169876 34.800000
-0.770302 0.158643 34.800000
-0.755430 0.147123 34.800000
-0.733949 0.134362 34.800000
-0.706068 0.120016 34.800000
-0.671843 0.104128 34.800000
-0.631399 0.087154 34.800000
-0.584771 0.069529 34.800000
-0.532142 0.051590 34.800000
-0.473764 0.033393 34.800000
-0.409808 0.015045 34.800000
-0.340595 -0.003417 34.800000
-0.266407 -0.021795 34.800000
-0.187550 -0.039988 34.800000
-0.104332 -0.057761 34.800000
-0.017042 -0.074951 34.800000
0.073926 -0.091402 34.800000
0.168169 -0.107022 34.800000
0.265289 -0.121820 34.800000
0.364811 -0.136015 34.800000
0.569153 -0.163181 34.800000
0.777222 -0.189981 34.800000
0.985085 -0.217686 34.800000
1.188874 -0.247286 34.800000
1.384807 -0.279400 34.800000
1.569436 -0.314029 34.800000
1.739561 -0.350677 34.800000
1.892378 -0.388247 34.800000
2.025533 -0.425120 34.800000
2.136966 -0.459383 34.800000
2.225152 -0.489083 34.800000
2.288869 -0.512234 34.800000
2.327379 -0.527029 34.800000
2.340266 -0.532125 34.800000
