2.779473 -0.630103 27.200000
2.764342 -0.623284 27.200000
2.719213 -0.603039 27.200000
2.644851 -0.569777 27.200000
2.542485 -0.524089 27.200000
2.413846 -0.467106 27.200000
2.260888 -0.400519 27.200000
2.086051 -0.326634 27.200000
1.891990 -0.248001 27.200000
1.681722 -0.167292 27.200000
1.458630 -0.086949 27.200000
1.226328 -0.009076 27.200000
0.988678 0.064281 27.200000
0.749624 0.131449 27.200000
0.513105 0.190718 27.200000
0.397038 0.216874 27.200000
0.283082 0.240487 27.200000
0.171712 0.261409 27.200000
0.063372 0.279541 27.200000
-0.041440 0.294846 27.200000
-0.142225 0.307291 27.200000
-0.238604 0.316827 27.200000
-0.330127 0.323548 27.200000
-0.416398 0.327481 27.200000
-0.497005 0.328727 27.200000
-0.571527 0.327425 27.200000
-0.639717 0.323635 27.200000
-0.701268 0.317327 27.200000
-0.755894 0.308398 27.200000
-0.803497 0.296590 27.200000
-0.843758 0.282105 27.200000
-0.876468 0.265518 27.200000
-0.901195 0.248057 27.200000
-0.917577 0.230964 27.200000
-0.925298 0.215297 27.200000
-0.924340 0.201131 27.200000
-0.914855 0.187798 27.200000
-0.897186 0.174129 27.200000
-0.871667 0.158992 27.200000
-0.838547 0.141977 27.200000
-0.797893 0.123136 27.200000
-0.749853 0.103011 27.200000
-0.694468 0.082117 27.200000
-0.631958 0.060855 27.200000
-0.562620 0.039291 27.200000
-0.486659 0.017551 27.200000
-0.404454 -0.004319 27.200000
-0.316342 -0.026086 27.200000
-0.222685 -0.047629 27.200000
-0.123849 -0.068672 27.200000
-0.020180 -0.089017 27.200000
0.087858 -0.108483 27.200000
0.199783 -0.126959 27.200000
0.315124 -0.144457 27.200000
0.433317 -0.161238 27.200000
0.675995 -0.193341 27.200000
0.923097 -0.225007 27.200000
1.169955 -0.257746 27.200000
1.411978 -0.292741 27.200000
1.644672 -0.330725 27.200000
1.863946 -0.371706 27.200000
2.065997 -0.415095 27.200000
2.247497 -0.459592 27.200000
2.405646 -0.503276 27.200000
2.537999 -0.543878 27.200000
2.642742 -0.579079 27.200000
2.718424 -0.606523 27.200000
2.764166 -0.624062 27.200000
2.779473 -0.630103 27.200000
