2.843539 -0.956183 16.500000
2.828421 -0.947428 16.500000
2.783319 -0.921416 16.500000
2.708992 -0.878656 16.500000
2.606663 -0.819896 16.500000
2.478025 -0.746508 16.500000
2.324944 -0.660470 16.500000
2.149728 -0.564456 16.500000
1.954887 -0.461421 16.500000
1.743295 -0.354484 16.500000
1.518235 -0.246563 16.500000
1.283266 -0.140247 16.500000
1.042215 -0.038089 16.500000
0.799035 0.057737 16.500000
0.557666 0.145020 16.500000
0.438907 0.184785 16.500000
0.322088 0.221662 16.500000
0.207690 0.255446 16.500000
0.096167 0.285984 16.500000
-0.011963 0.313187 16.500000
-0.116180 0.336964 16.500000
-0.216092 0.357225 16.500000
-0.311220 0.374021 16.500000
-0.401146 0.387337 16.500000
-0.485427 0.397236 16.500000
-0.563606 0.403818 16.500000
-0.635420 0.407119 16.500000
-0.700550 0.407075 16.500000
-0.758708 0.403548 16.500000
-0.809817 0.396257 16.500000
-0.853523 0.385380 16.500000
-0.889546 0.371498 16.500000
-0.917302 0.355848 16.500000
-0.936280 0.339695 16.500000
-0.946036 0.324111 16.500000
-0.946543 0.309174 16.500000
-0.938032 0.294200 16.500000
-0.920986 0.278003 16.500000
-0.895875 0.259431 16.500000
-0.863006 0.238081 16.500000
-0.822440 0.214016 16.500000
-0.774278 0.187819 16.500000
-0.718505 0.160034 16.500000
-0.655311 0.131103 16.500000
-0.584997 0.101129 16.500000
-0.507767 0.070264 16.500000
-0.424012 0.038597 16.500000
-0.334060 0.006408 16.500000
-0.238278 -0.026137 16.500000
-0.137019 -0.058710 16.500000
-0.030623 -0.091069 16.500000
0.080441 -0.122972 16.500000
0.195681 -0.154254 16.500000
0.314603 -0.184875 16.500000
0.436588 -0.215048 16.500000
0.687302 -0.274540 16.500000
0.942696 -0.334045 16.500000
1.197720 -0.394649 16.500000
1.447439 -0.457098 16.500000
1.687072 -0.521684 16.500000
1.912330 -0.587978 16.500000
2.119296 -0.654957 16.500000
2.304622 -0.720905 16.500000
2.465582 -0.783512 16.500000
2.599855 -0.840142 16.500000
2.705792 -0.888172 16.500000
2.782121 -0.924980 16.500000
2.828153 -0.948224 16.500000
2.843539 -0.956183 16.500000
