2.843621 -0.685161 25.400000
2.828188 -0.677952 25.400000
2.782156 -0.656551 25.400000
2.706305 -0.621386 25.400000
2.601889 -0.573080 25.400000
2.470666 -0.512820 25.400000
2.314621 -0.442366 25.400000
2.136223 -0.364120 25.400000
1.938163 -0.280735 25.400000
1.723501 -0.194994 25.400000
1.495673 -0.109451 25.400000
1.258360 -0.026316 25.400000
1.015494 0.052260 25.400000
0.771104 0.124503 25.400000
0.529204 0.188605 25.400000
0.410456 0.217057 25.400000
0.293839 0.242868 25.400000
0.179839 0.265883 25.400000
0.068909 0.285992 25.400000
-0.038439 0.303152 25.400000
-0.141694 0.317320 25.400000
-0.240468 0.328443 25.400000
-0.334298 0.336609 25.400000
-0.422777 0.341841 25.400000
-0.505480 0.344238 25.400000
-0.581974 0.343934 25.400000
-0.652004 0.340990 25.400000
-0.715258 0.335371 25.400000
-0.771440 0.326964 25.400000
-0.820454 0.315507 25.400000
-0.861972 0.301200 25.400000
-0.895770 0.284632 25.400000
-0.921387 0.267055 25.400000
-0.938436 0.249741 25.400000
-0.946576 0.233771 25.400000
-0.945790 0.219220 25.400000
-0.936241 0.205406 25.400000
-0.918298 0.191134 25.400000
-0.892320 0.175246 25.400000
-0.858568 0.157325 25.400000
-0.817108 0.137427 25.400000
-0.768088 0.116109 25.400000
-0.711540 0.093899 25.400000
-0.647686 0.071212 25.400000
-0.576828 0.048122 25.400000
-0.499177 0.024758 25.400000
-0.415119 0.001175 25.400000
-0.324998 -0.022384 25.400000
-0.229185 -0.045791 25.400000
-0.128049 -0.068755 25.400000
-0.021943 -0.091072 25.400000
0.088658 -0.112546 25.400000
0.203261 -0.133058 25.400000
0.321385 -0.152614 25.400000
0.442444 -0.171473 25.400000
0.691040 -0.207783 25.400000
0.944183 -0.243704 25.400000
1.197061 -0.280725 25.400000
1.444944 -0.319993 25.400000
1.683214 -0.362199 25.400000
1.907669 -0.407295 25.400000
2.114417 -0.454623 25.400000
2.300059 -0.502802 25.400000
2.461750 -0.549825 25.400000
2.597010 -0.593327 25.400000
2.704012 -0.630903 25.400000
2.781298 -0.660115 25.400000
2.827996 -0.678748 25.400000
2.843621 -0.685161 25.400000
