2.713703 -0.580034 34.400000
2.698890 -0.573576 34.400000
2.654708 -0.554409 34.400000
2.581908 -0.522919 34.400000
2.481694 -0.479668 34.400000
2.355764 -0.425737 34.400000
2.206042 -0.362747 34.400000
2.034930 -0.292916 34.400000
1.845044 -0.218693 34.400000
1.639354 -0.142644 34.400000
1.421183 -0.067105 34.400000
1.194075 0.005918 34.400000
0.961813 0.074480 34.400000
0.728260 0.136999 34.400000
0.497270 0.191858 34.400000
0.383951 0.215928 34.400000
0.272718 0.237546 34.400000
0.164035 0.256577 34.400000
0.058336 0.272926 34.400000
-0.043894 0.286567 34.400000
-0.142169 0.297470 34.400000
-0.236119 0.305595 34.400000
-0.325307 0.311038 34.400000
-0.409349 0.313829 34.400000
-0.487844 0.314072 34.400000
-0.560384 0.311908 34.400000
-0.626728 0.307398 34.400000
-0.686580 0.300516 34.400000
-0.739657 0.291164 34.400000
-0.785861 0.279096 34.400000
-0.824885 0.264508 34.400000
-0.856533 0.247966 34.400000
-0.880397 0.230668 34.400000
-0.896141 0.213829 34.400000
-0.903470 0.198483 34.400000
-0.902367 0.184702 34.400000
-0.892972 0.171835 34.400000
-0.875604 0.158739 34.400000
-0.850577 0.144309 34.400000
-0.818126 0.128141 34.400000
-0.778318 0.110287 34.400000
-0.731304 0.091271 34.400000
-0.677129 0.071595 34.400000
-0.616013 0.051646 34.400000
-0.548245 0.031485 34.400000
-0.474027 0.011233 34.400000
-0.393728 -0.009071 34.400000
-0.307679 -0.029204 34.400000
-0.216235 -0.049052 34.400000
-0.119755 -0.068349 34.400000
-0.018577 -0.086911 34.400000
0.086844 -0.104563 34.400000
0.196038 -0.121205 34.400000
0.308546 -0.136854 34.400000
0.423822 -0.151769 34.400000
0.660481 -0.180106 34.400000
0.901443 -0.207962 34.400000
1.142181 -0.236868 34.400000
1.378237 -0.268027 34.400000
1.605248 -0.302209 34.400000
1.819228 -0.339471 34.400000
2.016469 -0.379284 34.400000
2.193714 -0.420423 34.400000
2.348216 -0.461051 34.400000
2.477564 -0.498990 34.400000
2.579967 -0.532001 34.400000
2.653981 -0.557810 34.400000
2.698728 -0.574336 34.400000
2.713703 -0.580034 34.400000
