2.861686 -0.900419 18.300000
2.846399 -0.891961 18.300000
2.800798 -0.866836 18.300000
2.725649 -0.825537 18.300000
2.622191 -0.768789 18.300000
2.492143 -0.697929 18.300000
2.337410 -0.614900 18.300000
2.160351 -0.522329 18.300000
1.963532 -0.423122 18.300000
1.749891 -0.320341 18.300000
1.522765 -0.216840 18.300000
1.285763 -0.115137 18.300000
1.042761 -0.017711 18.300000
0.797754 0.073344 18.300000
0.554725 0.155892 18.300000
0.435211 0.193329 18.300000
0.317694 0.227915 18.300000
0.202657 0.259457 18.300000
0.090558 0.287809 18.300000
-0.018082 0.312893 18.300000
-0.122744 0.334628 18.300000
-0.223034 0.352933 18.300000
-0.318472 0.367866 18.300000
-0.408640 0.379422 18.300000
-0.493098 0.387672 18.300000
-0.571392 0.392724 18.300000
-0.643256 0.394621 18.300000
-0.708373 0.393304 18.300000
-0.766451 0.388640 18.300000
-0.817407 0.380353 18.300000
-0.860893 0.368623 18.300000
-0.896638 0.354040 18.300000
-0.924082 0.337850 18.300000
-0.942741 0.321329 18.300000
-0.952190 0.305558 18.300000
-0.952406 0.290614 18.300000
-0.943603 0.275809 18.300000
-0.926244 0.259947 18.300000
-0.900775 0.241870 18.300000
-0.867495 0.221167 18.300000
-0.826467 0.197900 18.300000
-0.777801 0.172649 18.300000
-0.721496 0.145959 18.300000
-0.657748 0.118269 18.300000
-0.586862 0.089675 18.300000
-0.509043 0.060325 18.300000
-0.424685 0.030302 18.300000
-0.334121 -0.000123 18.300000
-0.237721 -0.030790 18.300000
-0.135845 -0.061377 18.300000
-0.028837 -0.091650 18.300000
0.082829 -0.121376 18.300000
0.198658 -0.150399 18.300000
0.318157 -0.178690 18.300000
0.440708 -0.206473 18.300000
0.692537 -0.261054 18.300000
0.949045 -0.315555 18.300000
1.205205 -0.371162 18.300000
1.456097 -0.428719 18.300000
1.696947 -0.488608 18.300000
1.923458 -0.550486 18.300000
2.131693 -0.613407 18.300000
2.318273 -0.675720 18.300000
2.480426 -0.735169 18.300000
2.615780 -0.789164 18.300000
2.722636 -0.835114 18.300000
2.799670 -0.870423 18.300000
2.846147 -0.892763 18.300000
2.861686 -0.900419 18.300000
