2.716525 -0.566671 30.800000
2.701680 -0.560286 30.800000
2.657405 -0.541336 30.800000
2.584451 -0.510205 30.800000
2.484025 -0.467448 30.800000
2.357831 -0.414137 30.800000
2.207801 -0.351885 30.800000
2.036347 -0.282897 30.800000
1.846098 -0.209609 30.800000
1.640036 -0.134573 30.800000
1.421496 -0.060109 30.800000
1.194031 0.011795 30.800000
0.961435 0.079213 30.800000
0.727577 0.140582 30.800000
0.496319 0.194303 30.800000
0.382883 0.217815 30.800000
0.271546 0.238886 30.800000
0.162771 0.257381 30.800000
0.056992 0.273210 30.800000
-0.045304 0.286347 30.800000
-0.143631 0.296767 30.800000
-0.237620 0.304429 30.800000
-0.326834 0.309433 30.800000
-0.410889 0.311810 30.800000
-0.489384 0.311667 30.800000
-0.561912 0.309146 30.800000
-0.628233 0.304309 30.800000
-0.688050 0.297133 30.800000
-0.741081 0.287520 30.800000
-0.787225 0.275224 30.800000
-0.826177 0.260445 30.800000
-0.857743 0.243747 30.800000
-0.881521 0.226332 30.800000
-0.897183 0.209416 30.800000
-0.904436 0.194033 30.800000
-0.903265 0.180258 30.800000
-0.893807 0.167438 30.800000
-0.876375 0.154428 30.800000
-0.851277 0.140121 30.800000
-0.818747 0.124113 30.800000
-0.778851 0.106455 30.800000
-0.731744 0.087671 30.800000
-0.677473 0.068261 30.800000
-0.616260 0.048613 30.800000
-0.548393 0.028787 30.800000
-0.474076 0.008900 30.800000
-0.393679 -0.011009 30.800000
-0.307532 -0.030718 30.800000
-0.215991 -0.050115 30.800000
-0.119417 -0.068938 30.800000
-0.018149 -0.087001 30.800000
0.087358 -0.104134 30.800000
0.196632 -0.120239 30.800000
0.309216 -0.135333 30.800000
0.424564 -0.149681 30.800000
0.661360 -0.176853 30.800000
0.902456 -0.203523 30.800000
1.143333 -0.231244 30.800000
1.379540 -0.261241 30.800000
1.606716 -0.294305 30.800000
1.820877 -0.330513 30.800000
2.018312 -0.369355 30.800000
2.195757 -0.409620 30.800000
2.350457 -0.449488 30.800000
2.479990 -0.486790 30.800000
2.582554 -0.519297 30.800000
2.656695 -0.544741 30.800000
2.701522 -0.561046 30.800000
2.716525 -0.566671 30.800000
