2.550208 -1.272376 7.500000
2.547214 -1.269269 7.500000
2.536944 -1.262531 7.500000
2.520958 -1.249204 7.500000
2.498595 -1.230785 7.500000
2.469736 -1.207850 7.500000
2.434620 -1.180095 7.500000
2.393449 -1.147705 7.500000
2.346310 -1.110851 7.500000
2.293474 -1.069669 7.500000
2.235111 -1.024498 7.500000
2.171393 -0.975507 7.500000
2.102555 -0.923071 7.500000
2.028940 -0.867359 7.500000
1.950768 -0.808780 7.500000
1.868311 -0.747722 7.500000
1.781706 -0.684765 7.500000
1.691259 -0.620401 7.500000
1.597294 -0.555088 7.500000
1.500116 -0.489234 7.500000
1.400049 -0.423298 7.500000
1.297552 -0.357550 7.500000
1.192932 -0.292399 7.500000
1.086748 -0.228082 7.500000
0.979427 -0.164854 7.500000
0.871462 -0.102918 7.500000
0.763073 -0.043022 7.500000
0.654737 0.014683 7.500000
0.546862 0.069651 7.500000
0.439958 0.121885 7.500000
0.334349 0.170839 7.500000
0.230646 0.216635 7.500000
0.129087 0.258727 7.500000
0.030301 0.297270 7.500000
-0.065389 0.331805 7.500000
-0.157421 0.362605 7.500000
-0.245541 0.389244 7.500000
-0.329138 0.412098 7.500000
-0.407888 0.430962 7.500000
-0.481248 0.446075 7.500000
-0.549132 0.457097 7.500000
-0.611098 0.464232 7.500000
-0.666757 0.467583 7.500000
-0.715768 0.467490 7.500000
-0.757842 0.463937 7.500000
-0.792641 0.457432 7.500000
-0.819484 0.448997 7.500000
-0.838254 0.438699 7.500000
-0.850069 0.424125 7.500000
-0.852657 0.409831 7.500000
-0.847663 0.392518 7.500000
-0.835087 0.372357 7.500000
-0.814590 0.350197 7.500000
-0.786682 0.325359 7.500000
-0.751192 0.298351 7.500000
-0.708596 0.268818 7.500000
-0.658861 0.237167 7.500000
-0.602395 0.203261 7.500000
-0.539401 0.167372 7.500000
-0.470117 0.129535 7.500000
-0.394715 0.090258 7.500000
-0.313686 0.049405 7.500000
-0.227167 0.007555 7.500000
-0.135736 -0.035515 7.500000
-0.039461 -0.079090 7.500000
0.060996 -0.123393 7.500000
0.165395 -0.167794 7.500000
0.273141 -0.212465 7.500000
0.383845 -0.257081 7.500000
0.496776 -0.301917 7.500000
0.611508 -0.346802 7.500000
0.727191 -0.392078 7.500000
0.843385 -0.437522 7.500000
0.959375 -0.483375 7.500000
1.074686 -0.529399 7.500000
1.188586 -0.575950 7.500000
1.300516 -0.622792 7.500000
1.409879 -0.670095 7.500000
1.516286 -0.717451 7.500000
1.619294 -0.764641 7.500000
1.718512 -0.811426 7.500000
1.813514 -0.857551 7.500000
1.903877 -0.902763 7.500000
1.989259 -0.946892 7.500000
2.069423 -0.989479 7.500000
2.144045 -1.030320 7.500000
2.212921 -1.068973 7.500000
2.275762 -1.105168 7.500000
2.332483 -1.138564 7.500000
2.382863 -1.168923 7.500000
2.426731 -1.195906 7.500000
2.464002 -1.219343 7.500000
2.494591 -1.238809 7.500000
2.518685 -1.253760 7.500000
2.535926 -1.264571 7.500000
2.546705 -1.270289 7.500000
2.550208 -1.272376 7.500000
