2.359712 -1.312158 5.700000
2.357010 -1.309091 5.700000
2.347575 -1.302279 5.700000
2.333010 -1.288990 5.700000
2.312625 -1.270611 5.700000
2.286283 -1.247683 5.700000
2.254223 -1.219929 5.700000
2.216630 -1.187532 5.700000
2.173576 -1.150657 5.700000
2.125314 -1.109444 5.700000
2.071991 -1.064222 5.700000
2.013760 -1.015159 5.700000
1.950830 -0.962619 5.700000
1.883518 -0.906776 5.700000
1.812014 -0.848026 5.700000
1.736559 -0.786749 5.700000
1.657259 -0.723499 5.700000
1.574383 -0.658754 5.700000
1.488217 -0.592963 5.700000
1.399033 -0.526524 5.700000
1.307119 -0.459884 5.700000
1.212897 -0.393320 5.700000
1.116640 -0.327231 5.700000
1.018868 -0.261866 5.700000
0.919973 -0.197482 5.700000
0.820414 -0.134294 5.700000
0.720368 -0.073018 5.700000
0.620279 -0.013820 5.700000
0.520511 0.042770 5.700000
0.421546 0.096730 5.700000
0.323667 0.147533 5.700000
0.227459 0.195264 5.700000
0.133123 0.239401 5.700000
0.041261 0.280060 5.700000
-0.047839 0.316796 5.700000
-0.133637 0.349841 5.700000
-0.215909 0.378783 5.700000
-0.294059 0.403951 5.700000
-0.367791 0.425138 5.700000
-0.436581 0.442547 5.700000
-0.500361 0.455852 5.700000
-0.558705 0.465228 5.700000
-0.611240 0.470756 5.700000
-0.657629 0.472743 5.700000
-0.697600 0.471160 5.700000
-0.730809 0.466477 5.700000
-0.756571 0.459630 5.700000
-0.774771 0.450679 5.700000
-0.786571 0.437386 5.700000
-0.789625 0.423967 5.700000
-0.785631 0.407371 5.700000
-0.774583 0.387757 5.700000
-0.756122 0.365917 5.700000
-0.730760 0.341228 5.700000
-0.698315 0.314165 5.700000
-0.659252 0.284411 5.700000
-0.613521 0.252350 5.700000
-0.561515 0.217871 5.700000
-0.503416 0.181238 5.700000
-0.439446 0.142495 5.700000
-0.369746 0.102131 5.700000
-0.294788 0.060037 5.700000
-0.214676 0.016766 5.700000
-0.129967 -0.027866 5.700000
-0.040694 -0.073183 5.700000
0.052504 -0.119364 5.700000
0.149430 -0.165806 5.700000
0.249513 -0.212644 5.700000
0.352397 -0.259556 5.700000
0.457379 -0.306770 5.700000
0.564064 -0.354107 5.700000
0.671633 -0.401854 5.700000
0.779677 -0.449782 5.700000
0.887512 -0.498089 5.700000
0.994696 -0.546527 5.700000
1.100524 -0.595406 5.700000
1.204473 -0.644477 5.700000
1.305975 -0.693875 5.700000
1.404676 -0.743198 5.700000
1.500167 -0.792220 5.700000
1.592089 -0.840698 5.700000
1.680049 -0.888374 5.700000
1.763656 -0.934989 5.700000
1.842596 -0.980367 5.700000
1.916662 -1.024066 5.700000
1.985557 -1.065878 5.700000
2.049107 -1.105376 5.700000
2.107049 -1.142291 5.700000
2.159317 -1.176299 5.700000
2.205712 -1.207164 5.700000
2.246088 -1.234559 5.700000
2.280370 -1.258318 5.700000
2.308496 -1.278036 5.700000
2.330666 -1.293206 5.700000
2.346526 -1.304167 5.700000
2.356485 -1.310035 5.700000
2.359712 -1.312158 5.700000
