2.877868 -0.847276 20.100000
2.862428 -0.839102 20.100000
2.816369 -0.814826 20.100000
2.740468 -0.774925 20.100000
2.635977 -0.720102 20.100000
2.504640 -0.651663 20.100000
2.348395 -0.571513 20.100000
2.169652 -0.482237 20.100000
1.971031 -0.386691 20.100000
1.755523 -0.287884 20.100000
1.526519 -0.188606 20.100000
1.287674 -0.091309 20.100000
1.042910 0.001601 20.100000
0.796259 0.088103 20.100000
0.551743 0.166137 20.100000
0.431557 0.201355 20.100000
0.313419 0.233759 20.100000
0.197818 0.263165 20.100000
0.085213 0.289437 20.100000
-0.023873 0.312505 20.100000
-0.128919 0.332298 20.100000
-0.229531 0.348743 20.100000
-0.325229 0.361906 20.100000
-0.415596 0.371791 20.100000
-0.500192 0.378475 20.100000
-0.578566 0.382076 20.100000
-0.650453 0.382642 20.100000
-0.715534 0.380120 20.100000
-0.773516 0.374382 20.100000
-0.824310 0.365152 20.100000
-0.867571 0.352619 20.100000
-0.903040 0.337376 20.100000
-0.930180 0.320681 20.100000
-0.948530 0.303817 20.100000
-0.957685 0.287874 20.100000
-0.957624 0.272928 20.100000
-0.948549 0.258289 20.100000
-0.930898 0.242752 20.100000
-0.905100 0.225149 20.100000
-0.871441 0.205065 20.100000
-0.829989 0.182562 20.100000
-0.780865 0.158217 20.100000
-0.724075 0.132574 20.100000
-0.659825 0.106069 20.100000
-0.588422 0.078793 20.100000
-0.510073 0.050889 20.100000
-0.425173 0.022433 20.100000
-0.334062 -0.006309 20.100000
-0.237110 -0.035186 20.100000
-0.134685 -0.063882 20.100000
-0.027135 -0.092169 20.100000
0.085062 -0.119822 20.100000
0.201409 -0.146695 20.100000
0.321411 -0.172768 20.100000
0.444456 -0.198277 20.100000
0.697252 -0.248185 20.100000
0.954725 -0.297927 20.100000
1.211871 -0.348782 20.100000
1.463786 -0.401683 20.100000
1.705703 -0.457102 20.100000
1.933321 -0.514775 20.100000
2.142686 -0.573830 20.100000
2.330388 -0.632677 20.100000
2.493614 -0.689114 20.100000
2.629945 -0.740593 20.100000
2.737632 -0.784556 20.100000
2.815307 -0.818433 20.100000
2.862191 -0.839908 20.100000
2.877868 -0.847276 20.100000
