2.832699 -0.729000 23.600000
2.817379 -0.721554 23.600000
2.771684 -0.699445 23.600000
2.696385 -0.663112 23.600000
2.592727 -0.613199 23.600000
2.462451 -0.550919 23.600000
2.307512 -0.478064 23.600000
2.130344 -0.397071 23.600000
1.933596 -0.310637 23.600000
1.720284 -0.221591 23.600000
1.493804 -0.132539 23.600000
1.257803 -0.045749 23.600000
1.016180 0.036568 23.600000
0.772935 0.112578 23.600000
0.532054 0.180409 23.600000
0.413759 0.210691 23.600000
0.297556 0.238301 23.600000
0.183924 0.263074 23.600000
0.073318 0.284894 23.600000
-0.033752 0.303710 23.600000
-0.136776 0.319471 23.600000
-0.235366 0.332118 23.600000
-0.329059 0.341732 23.600000
-0.417446 0.348330 23.600000
-0.500103 0.352004 23.600000
-0.576593 0.352882 23.600000
-0.646660 0.351020 23.600000
-0.709992 0.346378 23.600000
-0.766298 0.338840 23.600000
-0.815483 0.328141 23.600000
-0.857217 0.314477 23.600000
-0.891267 0.298434 23.600000
-0.917152 0.281255 23.600000
-0.934467 0.264206 23.600000
-0.942853 0.248363 23.600000
-0.942291 0.233802 23.600000
-0.932957 0.219842 23.600000
-0.915236 0.205294 23.600000
-0.889507 0.189008 23.600000
-0.856035 0.170568 23.600000
-0.814888 0.150032 23.600000
-0.766203 0.127958 23.600000
-0.710005 0.104878 23.600000
-0.646509 0.081207 23.600000
-0.576016 0.057025 23.600000
-0.498735 0.032466 23.600000
-0.415051 0.007587 23.600000
-0.325305 -0.017362 23.600000
-0.229865 -0.042246 23.600000
-0.129096 -0.066769 23.600000
-0.023347 -0.090722 23.600000
0.086909 -0.113902 23.600000
0.201182 -0.136182 23.600000
0.318989 -0.157560 23.600000
0.439743 -0.178286 23.600000
0.687749 -0.218432 23.600000
0.940306 -0.258259 23.600000
1.192582 -0.299181 23.600000
1.439829 -0.342273 23.600000
1.677419 -0.388154 23.600000
1.901151 -0.436711 23.600000
2.107143 -0.487227 23.600000
2.292019 -0.538268 23.600000
2.452964 -0.587782 23.600000
2.587536 -0.633368 23.600000
2.693945 -0.672592 23.600000
2.770770 -0.702995 23.600000
2.817175 -0.722347 23.600000
2.832699 -0.729000 23.600000
