2.798465 -1.081016 12.900000
2.783749 -1.071601 12.900000
2.739842 -1.043620 12.900000
2.667478 -0.997614 12.900000
2.567849 -0.934386 12.900000
2.442582 -0.855380 12.900000
2.293457 -0.762655 12.900000
2.122659 -0.658986 12.900000
1.932565 -0.547434 12.900000
1.725911 -0.431243 12.900000
1.505844 -0.313473 12.900000
1.275808 -0.196868 12.900000
1.039511 -0.084149 12.900000
0.800807 0.022339 12.900000
0.563535 0.120212 12.900000
0.446650 0.165192 12.900000
0.331577 0.207199 12.900000
0.218785 0.246010 12.900000
0.108721 0.281451 12.900000
0.001901 0.313409 12.900000
-0.101162 0.341772 12.900000
-0.200081 0.366433 12.900000
-0.294373 0.387420 12.900000
-0.383622 0.404701 12.900000
-0.467382 0.418318 12.900000
-0.545194 0.428350 12.900000
-0.616791 0.434825 12.900000
-0.681860 0.437662 12.900000
-0.740116 0.436710 12.900000
-0.791498 0.431687 12.900000
-0.835642 0.422754 12.900000
-0.872245 0.410479 12.900000
-0.900665 0.396072 12.900000
-0.920339 0.380774 12.900000
-0.930775 0.365637 12.900000
-0.931942 0.350737 12.900000
-0.924102 0.335401 12.900000
-0.907788 0.318465 12.900000
-0.883524 0.298801 12.900000
-0.851631 0.276018 12.900000
-0.812170 0.250183 12.900000
-0.765213 0.221882 12.900000
-0.710724 0.191657 12.900000
-0.648871 0.159959 12.900000
-0.579952 0.126904 12.900000
-0.504162 0.092653 12.900000
-0.421890 0.057313 12.900000
-0.333450 0.021177 12.900000
-0.239201 -0.015573 12.900000
-0.139481 -0.052593 12.900000
-0.034621 -0.089625 12.900000
0.074923 -0.126410 12.900000
0.188666 -0.162758 12.900000
0.306118 -0.198608 12.900000
0.426649 -0.234148 12.900000
0.674486 -0.304671 12.900000
0.926998 -0.375413 12.900000
1.179093 -0.447237 12.900000
1.425806 -0.520671 12.900000
1.662347 -0.595792 12.900000
1.884453 -0.671984 12.900000
2.088254 -0.748052 12.900000
2.270481 -0.822132 12.900000
2.428515 -0.891798 12.900000
2.560152 -0.954311 12.900000
2.663860 -1.006979 12.900000
2.738487 -1.047127 12.900000
2.783446 -1.072385 12.900000
2.798465 -1.081016 12.900000
