2.704518 -0.621455 36.200000
2.689805 -0.614771 36.200000
2.645922 -0.594930 36.200000
2.573612 -0.562332 36.200000
2.474071 -0.517553 36.200000
2.348980 -0.461703 36.200000
2.200238 -0.396432 36.200000
2.030214 -0.323992 36.200000
1.841484 -0.246875 36.200000
1.636982 -0.167690 36.200000
1.419991 -0.088825 36.200000
1.194026 -0.012339 36.200000
0.962840 0.059766 36.200000
0.730270 0.125849 36.200000
0.500145 0.184233 36.200000
0.387207 0.210033 36.200000
0.276318 0.233349 36.200000
0.167939 0.254039 36.200000
0.062502 0.272002 36.200000
-0.039508 0.287204 36.200000
-0.137604 0.299609 36.200000
-0.231419 0.309169 36.200000
-0.320514 0.315975 36.200000
-0.404503 0.320050 36.200000
-0.482985 0.321494 36.200000
-0.555550 0.320439 36.200000
-0.621955 0.316943 36.200000
-0.681905 0.310977 36.200000
-0.735119 0.302439 36.200000
-0.781502 0.291078 36.200000
-0.820745 0.277088 36.200000
-0.852642 0.261032 36.200000
-0.876767 0.244101 36.200000
-0.892767 0.227504 36.200000
-0.900329 0.212272 36.200000
-0.899437 0.198476 36.200000
-0.890240 0.185467 36.200000
-0.873075 0.172107 36.200000
-0.848271 0.157296 36.200000
-0.816072 0.140634 36.200000
-0.776541 0.122173 36.200000
-0.729823 0.102441 36.200000
-0.675955 0.081939 36.200000
-0.615151 0.061057 36.200000
-0.547700 0.039863 36.200000
-0.473800 0.018479 36.200000
-0.393821 -0.003050 36.200000
-0.308090 -0.024496 36.200000
-0.216960 -0.045740 36.200000
-0.120786 -0.066511 36.200000
-0.019903 -0.086617 36.200000
0.085236 -0.105879 36.200000
0.194162 -0.124188 36.200000
0.306418 -0.141555 36.200000
0.421452 -0.158231 36.200000
0.657651 -0.190183 36.200000
0.898159 -0.221720 36.200000
1.138426 -0.254303 36.200000
1.373979 -0.289067 36.200000
1.600440 -0.326716 36.200000
1.813826 -0.367244 36.200000
2.010435 -0.410068 36.200000
2.187030 -0.453912 36.200000
2.340893 -0.496898 36.200000
2.469646 -0.536810 36.200000
2.571532 -0.571383 36.200000
2.645143 -0.598320 36.200000
2.689631 -0.615528 36.200000
2.704518 -0.621455 36.200000
