2.717176 -0.563541 32.600000
2.702324 -0.557173 32.600000
2.658027 -0.538275 32.600000
2.585037 -0.507228 32.600000
2.484562 -0.464586 32.600000
2.358307 -0.411421 32.600000
2.208205 -0.349342 32.600000
2.036671 -0.280551 32.600000
1.846338 -0.207483 32.600000
1.640190 -0.132684 32.600000
1.421564 -0.058472 32.600000
1.194017 0.013170 32.600000
0.961343 0.080320 32.600000
0.727415 0.141420 32.600000
0.496095 0.194875 32.600000
0.382632 0.218256 32.600000
0.271270 0.239198 32.600000
0.162474 0.257568 32.600000
0.056677 0.273275 32.600000
-0.045634 0.286295 32.600000
-0.143973 0.296601 32.600000
-0.237970 0.304155 32.600000
-0.327190 0.309056 32.600000
-0.411248 0.311337 32.600000
-0.489743 0.311103 32.600000
-0.562268 0.308498 32.600000
-0.628584 0.303585 32.600000
-0.688392 0.296340 32.600000
-0.741411 0.286667 32.600000
-0.787542 0.274317 32.600000
-0.826476 0.259493 32.600000
-0.858023 0.242759 32.600000
-0.881781 0.225316 32.600000
-0.897423 0.208382 32.600000
-0.904658 0.192992 32.600000
-0.903472 0.179218 32.600000
-0.893999 0.166408 32.600000
-0.876552 0.153418 32.600000
-0.851437 0.139140 32.600000
-0.818889 0.123170 32.600000
-0.778973 0.105558 32.600000
-0.731845 0.086828 32.600000
-0.677552 0.067481 32.600000
-0.616315 0.047903 32.600000
-0.548426 0.028155 32.600000
-0.474086 0.008353 32.600000
-0.393666 -0.011462 32.600000
-0.307496 -0.031072 32.600000
-0.215933 -0.050364 32.600000
-0.119337 -0.069076 32.600000
-0.018048 -0.087022 32.600000
0.087478 -0.104034 32.600000
0.196770 -0.120012 32.600000
0.309372 -0.134977 32.600000
0.424736 -0.149192 32.600000
0.661563 -0.176091 32.600000
0.902690 -0.202484 32.600000
1.143599 -0.229927 32.600000
1.379840 -0.259651 32.600000
1.607054 -0.292454 32.600000
1.821256 -0.328415 32.600000
2.018736 -0.367029 32.600000
2.196228 -0.407091 32.600000
2.350973 -0.446780 32.600000
2.480549 -0.483932 32.600000
2.583151 -0.516321 32.600000
2.657320 -0.541680 32.600000
2.702166 -0.557934 32.600000
2.717176 -0.563541 32.600000
