2.822820 -1.015721 14.700000
2.807889 -1.006650 14.700000
2.763344 -0.979697 14.700000
2.689931 -0.935384 14.700000
2.588860 -0.874487 14.700000
2.461792 -0.798412 14.700000
2.310553 -0.709177 14.700000
2.137393 -0.609502 14.700000
1.944760 -0.502396 14.700000
1.735462 -0.391036 14.700000
1.512719 -0.278410 14.700000
1.280036 -0.167180 14.700000
1.041185 -0.059980 14.700000
0.800072 0.040934 14.700000
0.560590 0.133270 14.700000
0.442693 0.175522 14.700000
0.326674 0.214845 14.700000
0.213011 0.251026 14.700000
0.102154 0.283900 14.700000
-0.005379 0.313369 14.700000
-0.109074 0.339330 14.700000
-0.208539 0.361687 14.700000
-0.303293 0.380478 14.700000
-0.392919 0.395681 14.700000
-0.476973 0.407348 14.700000
-0.554997 0.415571 14.700000
-0.626725 0.420380 14.700000
-0.691842 0.421705 14.700000
-0.750061 0.419401 14.700000
-0.801312 0.413186 14.700000
-0.845237 0.403230 14.700000
-0.881544 0.390107 14.700000
-0.909622 0.375044 14.700000
-0.928936 0.359293 14.700000
-0.939017 0.343918 14.700000
-0.939838 0.328995 14.700000
-0.931643 0.313846 14.700000
-0.914941 0.297293 14.700000
-0.890226 0.278198 14.700000
-0.857813 0.256162 14.700000
-0.817762 0.231250 14.700000
-0.770161 0.204047 14.700000
-0.714984 0.175096 14.700000
-0.652411 0.144844 14.700000
-0.582743 0.113399 14.700000
-0.506178 0.080918 14.700000
-0.423107 0.047498 14.700000
-0.333852 0.013426 14.700000
-0.238774 -0.021125 14.700000
-0.138222 -0.055818 14.700000
-0.032530 -0.090406 14.700000
0.077839 -0.124635 14.700000
0.192396 -0.158331 14.700000
0.310649 -0.191444 14.700000
0.431973 -0.224174 14.700000
0.681381 -0.288922 14.700000
0.935469 -0.353779 14.700000
1.189163 -0.419729 14.700000
1.437515 -0.487411 14.700000
1.675738 -0.557018 14.700000
1.899553 -0.628030 14.700000
2.105066 -0.699343 14.700000
2.288966 -0.769171 14.700000
2.448574 -0.835147 14.700000
2.581628 -0.894586 14.700000
2.686532 -0.944831 14.700000
2.762071 -0.983235 14.700000
2.807605 -1.007441 14.700000
2.822820 -1.015721 14.700000
