2.699722 -1.125666 11.100000
2.696441 -1.122692 11.100000
2.685457 -1.116507 11.100000
2.668162 -1.103971 11.100000
2.643983 -1.086664 11.100000
2.612839 -1.065186 11.100000
2.574953 -1.039205 11.100000
2.530545 -1.008900 11.100000
2.479716 -0.974439 11.100000
2.422752 -0.935941 11.100000
2.359853 -0.893742 11.100000
2.291203 -0.848005 11.100000
2.217073 -0.799096 11.100000
2.137823 -0.747164 11.100000
2.053708 -0.692613 11.100000
1.965032 -0.635822 11.100000
1.871978 -0.577374 11.100000
1.774891 -0.517752 11.100000
1.674136 -0.457403 11.100000
1.570054 -0.396723 11.100000
1.463008 -0.336160 11.100000
1.353487 -0.275959 11.100000
1.241833 -0.216516 11.100000
1.128636 -0.158036 11.100000
1.014350 -0.100750 11.100000
0.899494 -0.044832 11.100000
0.784346 0.008968 11.100000
0.669405 0.060528 11.100000
0.555126 0.109318 11.100000
0.442031 0.155375 11.100000
0.330490 0.198164 11.100000
0.221120 0.237851 11.100000
0.114203 0.273896 11.100000
0.010372 0.306498 11.100000
-0.090010 0.335212 11.100000
-0.186388 0.360355 11.100000
-0.278471 0.381510 11.100000
-0.365659 0.399102 11.100000
-0.447606 0.412946 11.100000
-0.523774 0.423324 11.100000
-0.594050 0.429894 11.100000
-0.657997 0.432894 11.100000
-0.715222 0.432458 11.100000
-0.765401 0.428958 11.100000
-0.808237 0.422395 11.100000
-0.843417 0.413317 11.100000
-0.870318 0.402815 11.100000
-0.888822 0.390966 11.100000
-0.899907 0.375222 11.100000
-0.901564 0.360405 11.100000
-0.895247 0.343025 11.100000
-0.880969 0.323254 11.100000
-0.858442 0.301988 11.100000
-0.828138 0.278493 11.100000
-0.789922 0.253305 11.100000
-0.744253 0.226024 11.100000
-0.691127 0.197070 11.100000
-0.630952 0.166275 11.100000
-0.563955 0.133903 11.100000
-0.490382 0.099973 11.100000
-0.410444 0.064994 11.100000
-0.324635 0.028793 11.100000
-0.233135 -0.008048 11.100000
-0.136520 -0.045797 11.100000
-0.034911 -0.083727 11.100000
0.071031 -0.122112 11.100000
0.181016 -0.160323 11.100000
0.294449 -0.198577 11.100000
0.410906 -0.236570 11.100000
0.529657 -0.274634 11.100000
0.650257 -0.312622 11.100000
0.771858 -0.350944 11.100000
0.893994 -0.389405 11.100000
1.015949 -0.428297 11.100000
1.137221 -0.467411 11.100000
1.257085 -0.507163 11.100000
1.374951 -0.547350 11.100000
1.490222 -0.588188 11.100000
1.602469 -0.629285 11.100000
1.711224 -0.670448 11.100000
1.816070 -0.711460 11.100000
1.916554 -0.752090 11.100000
2.012223 -0.792107 11.100000
2.102717 -0.831360 11.100000
2.187761 -0.869397 11.100000
2.267009 -0.906031 11.100000
2.340221 -0.940825 11.100000
2.407083 -0.973521 11.100000
2.467483 -1.003776 11.100000
2.521180 -1.031362 11.100000
2.567974 -1.055944 11.100000
2.607766 -1.077352 11.100000
2.640441 -1.095159 11.100000
2.666151 -1.108795 11.100000
2.684556 -1.118666 11.100000
2.695991 -1.123772 11.100000
2.699722 -1.125666 11.100000
