2.595387 -1.177484 9.300000
2.592281 -1.174489 9.300000
2.581769 -1.168134 9.300000
2.565303 -1.155406 9.300000
2.542276 -1.137823 9.300000
2.512591 -1.115969 9.300000
2.476475 -1.089527 9.300000
2.434138 -1.058677 9.300000
2.385672 -1.023587 9.300000
2.331354 -0.984380 9.300000
2.271365 -0.941391 9.300000
2.205884 -0.894784 9.300000
2.135160 -0.844921 9.300000
2.059540 -0.791962 9.300000
1.979262 -0.736304 9.300000
1.894610 -0.678329 9.300000
1.805742 -0.618607 9.300000
1.712984 -0.557622 9.300000
1.616674 -0.495818 9.300000
1.517134 -0.433591 9.300000
1.414705 -0.371389 9.300000
1.309853 -0.309466 9.300000
1.202902 -0.248217 9.300000
1.094419 -0.187858 9.300000
0.984840 -0.128630 9.300000
0.874664 -0.070717 9.300000
0.764140 -0.014858 9.300000
0.653750 0.038813 9.300000
0.543922 0.089767 9.300000
0.435165 0.138023 9.300000
0.327823 0.183051 9.300000
0.222501 0.224991 9.300000
0.119460 0.263311 9.300000
0.019320 0.298185 9.300000
-0.077578 0.329169 9.300000
-0.170683 0.356554 9.300000
-0.259726 0.379926 9.300000
-0.344109 0.399682 9.300000
-0.423500 0.415630 9.300000
-0.497367 0.428027 9.300000
-0.565612 0.436539 9.300000
-0.627799 0.441385 9.300000
-0.683543 0.442682 9.300000
-0.732518 0.440782 9.300000
-0.774432 0.435679 9.300000
-0.808967 0.427896 9.300000
-0.835482 0.418477 9.300000
-0.853859 0.407494 9.300000
-0.865129 0.392495 9.300000
-0.867188 0.378115 9.300000
-0.861559 0.360998 9.300000
-0.848248 0.341314 9.300000
-0.826948 0.319925 9.300000
-0.798143 0.296132 9.300000
-0.761681 0.270452 9.300000
-0.718026 0.242509 9.300000
-0.667158 0.212713 9.300000
-0.609479 0.180912 9.300000
-0.545205 0.147370 9.300000
-0.474574 0.112113 9.300000
-0.397774 0.075643 9.300000
-0.315294 0.037806 9.300000
-0.227291 -0.000826 9.300000
-0.134334 -0.040495 9.300000
-0.036518 -0.080492 9.300000
0.065504 -0.121060 9.300000
0.171469 -0.161582 9.300000
0.280789 -0.202249 9.300000
0.393063 -0.242754 9.300000
0.507570 -0.283396 9.300000
0.623878 -0.324020 9.300000
0.741153 -0.364999 9.300000
0.858943 -0.406129 9.300000
0.976545 -0.447674 9.300000
1.093474 -0.489414 9.300000
1.209014 -0.531735 9.300000
1.322594 -0.574418 9.300000
1.433627 -0.617656 9.300000
1.541708 -0.661057 9.300000
1.646385 -0.704417 9.300000
1.747261 -0.747512 9.300000
1.843899 -0.790103 9.300000
1.935868 -0.831953 9.300000
2.022819 -0.872903 9.300000
2.104498 -0.912505 9.300000
2.180576 -0.950567 9.300000
2.250830 -0.986655 9.300000
2.314963 -1.020508 9.300000
2.372877 -1.051790 9.300000
2.424341 -1.080271 9.300000
2.469174 -1.105618 9.300000
2.507284 -1.127665 9.300000
2.538570 -1.145990 9.300000
2.563199 -1.160043 9.300000
2.580827 -1.170210 9.300000
2.591810 -1.175527 9.300000
2.595387 -1.177484 9.300000
