2.892397 -0.796265 21.900000
2.876815 -0.788365 21.900000
2.830334 -0.764907 21.900000
2.753740 -0.726354 21.900000
2.648296 -0.673388 21.900000
2.515769 -0.607281 21.900000
2.358132 -0.529905 21.900000
2.177839 -0.443803 21.900000
1.977559 -0.351784 21.900000
1.760338 -0.256802 21.900000
1.529614 -0.161588 21.900000
1.289087 -0.068529 21.900000
1.042718 0.020039 21.900000
0.794577 0.102167 21.900000
0.548720 0.175866 21.900000
0.427929 0.208953 21.900000
0.309237 0.239264 21.900000
0.193134 0.266621 21.900000
0.080083 0.290898 21.900000
-0.029394 0.312034 21.900000
-0.134774 0.329967 21.900000
-0.235660 0.344630 21.900000
-0.331576 0.356100 21.900000
-0.422104 0.364385 21.900000
-0.506805 0.369573 21.900000
-0.585230 0.371788 21.900000
-0.657116 0.371082 21.900000
-0.722143 0.367410 21.900000
-0.780013 0.360648 21.900000
-0.830637 0.350521 21.900000
-0.873669 0.337226 21.900000
-0.908863 0.321358 21.900000
-0.935704 0.304186 21.900000
-0.953753 0.287000 21.900000
-0.962625 0.270898 21.900000
-0.962299 0.255955 21.900000
-0.952967 0.241479 21.900000
-0.935044 0.226256 21.900000
-0.908939 0.209112 21.900000
-0.874931 0.189627 21.900000
-0.833087 0.167860 21.900000
-0.783540 0.144387 21.900000
-0.726306 0.119752 21.900000
-0.661597 0.094388 21.900000
-0.589723 0.068378 21.900000
-0.510893 0.041864 21.900000
-0.425504 0.014913 21.900000
-0.333898 -0.012214 21.900000
-0.236451 -0.039373 21.900000
-0.133535 -0.066253 21.900000
-0.025502 -0.092634 21.900000
0.087167 -0.118299 21.900000
0.203971 -0.143111 21.900000
0.324415 -0.167059 21.900000
0.447891 -0.190389 21.900000
0.701531 -0.235820 21.900000
0.959843 -0.281002 21.900000
1.217848 -0.327303 21.900000
1.470659 -0.375741 21.900000
1.713518 -0.426875 21.900000
1.942120 -0.480515 21.900000
2.152496 -0.535859 21.900000
2.341209 -0.591378 21.900000
2.505407 -0.644921 21.900000
2.642627 -0.693981 21.900000
2.751075 -0.736034 21.900000
2.829336 -0.768532 21.900000
2.876592 -0.789175 21.900000
2.892397 -0.796265 21.900000
