2.221135 -1.398994 3.900000
2.218675 -1.395873 3.900000
2.209877 -1.388760 3.900000
2.196443 -1.375086 3.900000
2.177628 -1.356162 3.900000
2.153273 -1.332508 3.900000
2.123622 -1.303863 3.900000
2.088846 -1.270419 3.900000
2.049007 -1.232338 3.900000
2.004342 -1.189769 3.900000
1.954976 -1.143040 3.900000
1.901050 -1.092322 3.900000
1.842747 -1.037979 3.900000
1.780364 -0.980197 3.900000
1.714067 -0.919370 3.900000
1.644068 -0.855882 3.900000
1.570442 -0.790273 3.900000
1.493422 -0.723024 3.900000
1.413265 -0.654585 3.900000
1.330212 -0.585356 3.900000
1.244520 -0.515787 3.900000
1.156582 -0.446171 3.900000
1.066644 -0.376907 3.900000
0.975198 -0.308264 3.900000
0.882609 -0.240516 3.900000
0.789312 -0.173893 3.900000
0.695441 -0.109101 3.900000
0.601418 -0.046322 3.900000
0.507567 0.013906 3.900000
0.414357 0.071540 3.900000
0.322034 0.126050 3.900000
0.231170 0.177491 3.900000
0.141933 0.225342 3.900000
0.054913 0.269686 3.900000
-0.029635 0.310075 3.900000
-0.111172 0.346706 3.900000
-0.189504 0.379167 3.900000
-0.264035 0.407745 3.900000
-0.334488 0.432225 3.900000
-0.400343 0.452774 3.900000
-0.461554 0.469074 3.900000
-0.517696 0.481271 3.900000
-0.568402 0.489424 3.900000
-0.613330 0.493814 3.900000
-0.652216 0.494398 3.900000
-0.684703 0.491614 3.900000
-0.710076 0.486334 3.900000
-0.728219 0.478610 3.900000
-0.740378 0.466331 3.900000
-0.744055 0.453467 3.900000
-0.741059 0.437143 3.900000
-0.731374 0.417517 3.900000
-0.714611 0.395336 3.900000
-0.691300 0.370023 3.900000
-0.661239 0.342030 3.900000
-0.624896 0.311073 3.900000
-0.582203 0.277523 3.900000
-0.533546 0.241292 3.900000
-0.479088 0.202648 3.900000
-0.419043 0.161644 3.900000
-0.353522 0.118761 3.900000
-0.282987 0.073921 3.900000
-0.207512 0.027665 3.900000
-0.127647 -0.020157 3.900000
-0.043387 -0.068885 3.900000
0.044637 -0.118661 3.900000
0.136267 -0.168887 3.900000
0.230940 -0.219666 3.900000
0.328328 -0.270665 3.900000
0.427737 -0.322069 3.900000
0.528792 -0.373682 3.900000
0.630685 -0.425740 3.900000
0.733029 -0.478000 3.900000
0.835149 -0.530615 3.900000
0.936631 -0.583324 3.900000
1.036773 -0.636389 3.900000
1.135081 -0.689539 3.900000
1.230996 -0.742879 3.900000
1.324195 -0.795997 3.900000
1.414295 -0.848652 3.900000
1.500958 -0.900590 3.900000
1.583818 -0.951538 3.900000
1.662509 -1.001226 3.900000
1.736734 -1.049467 3.900000
1.806317 -1.095817 3.900000
1.870981 -1.140062 3.900000
1.930578 -1.181777 3.900000
1.984868 -1.220687 3.900000
2.033805 -1.256474 3.900000
2.077206 -1.288899 3.900000
2.114948 -1.317634 3.900000
2.146968 -1.342518 3.900000
2.173226 -1.363152 3.900000
2.193943 -1.379054 3.900000
2.208758 -1.390537 3.900000
2.218115 -1.396761 3.900000
2.221135 -1.398994 3.900000
