2.786024 -0.600477 29.000000
2.770821 -0.593818 29.000000
2.725479 -0.574055 29.000000
2.650767 -0.541587 29.000000
2.547921 -0.496991 29.000000
2.418682 -0.441381 29.000000
2.265024 -0.376426 29.000000
2.089410 -0.304407 29.000000
1.894523 -0.227844 29.000000
1.683408 -0.149378 29.000000
1.459473 -0.071415 29.000000
1.226356 0.003980 29.000000
0.987938 0.074803 29.000000
0.748183 0.139422 29.000000
0.511046 0.196170 29.000000
0.394706 0.221089 29.000000
0.280506 0.243487 29.000000
0.168919 0.263223 29.000000
0.060392 0.280200 29.000000
-0.044577 0.294388 29.000000
-0.145488 0.305759 29.000000
-0.241963 0.314269 29.000000
-0.333552 0.320015 29.000000
-0.419861 0.323029 29.000000
-0.500477 0.323417 29.000000
-0.574981 0.321322 29.000000
-0.643126 0.316806 29.000000
-0.704607 0.309843 29.000000
-0.759135 0.300333 29.000000
-0.806609 0.288019 29.000000
-0.846713 0.273106 29.000000
-0.879245 0.256172 29.000000
-0.903785 0.238448 29.000000
-0.919984 0.221182 29.000000
-0.927538 0.205434 29.000000
-0.926429 0.191278 29.000000
-0.916803 0.178047 29.000000
-0.898989 0.164567 29.000000
-0.873310 0.149703 29.000000
-0.840011 0.133042 29.000000
-0.799159 0.114635 29.000000
-0.750908 0.095022 29.000000
-0.695303 0.074719 29.000000
-0.632570 0.054123 29.000000
-0.563006 0.033299 29.000000
-0.486818 0.012369 29.000000
-0.404385 -0.008624 29.000000
-0.316046 -0.029452 29.000000
-0.222165 -0.049998 29.000000
-0.123111 -0.069986 29.000000
-0.019231 -0.089227 29.000000
0.089008 -0.107541 29.000000
0.201123 -0.124825 29.000000
0.316644 -0.141094 29.000000
0.435009 -0.156615 29.000000
0.678015 -0.186134 29.000000
0.925440 -0.215166 29.000000
1.172633 -0.245276 29.000000
1.415014 -0.277692 29.000000
1.648100 -0.313197 29.000000
1.867797 -0.351841 29.000000
2.070299 -0.393076 29.000000
2.252262 -0.435638 29.000000
2.410868 -0.477636 29.000000
2.543645 -0.516827 29.000000
2.648758 -0.550911 29.000000
2.724727 -0.577547 29.000000
2.770653 -0.594598 29.000000
2.786024 -0.600477 29.000000
