2.759544 -0.712331 38.000000
2.744623 -0.705065 38.000000
2.700115 -0.683490 38.000000
2.626772 -0.648035 38.000000
2.525808 -0.599328 38.000000
2.398917 -0.538552 38.000000
2.248003 -0.467454 38.000000
2.075436 -0.388412 38.000000
1.883794 -0.304053 38.000000
1.676015 -0.217138 38.000000
1.455407 -0.130208 38.000000
1.225519 -0.045474 38.000000
0.990150 0.034905 38.000000
0.753196 0.109140 38.000000
0.518540 0.175403 38.000000
0.403300 0.204993 38.000000
0.290096 0.231978 38.000000
0.179396 0.256197 38.000000
0.071641 0.277537 38.000000
-0.032670 0.295947 38.000000
-0.133041 0.311377 38.000000
-0.229094 0.323770 38.000000
-0.320377 0.333205 38.000000
-0.406494 0.339697 38.000000
-0.487028 0.343335 38.000000
-0.561556 0.344246 38.000000
-0.629828 0.342482 38.000000
-0.691540 0.338004 38.000000
-0.746407 0.330699 38.000000
-0.794339 0.320310 38.000000
-0.835012 0.307026 38.000000
-0.868201 0.291418 38.000000
-0.893434 0.274698 38.000000
-0.910317 0.258099 38.000000
-0.918499 0.242668 38.000000
-0.917963 0.228480 38.000000
-0.908878 0.214871 38.000000
-0.891622 0.200684 38.000000
-0.866564 0.184797 38.000000
-0.833964 0.166806 38.000000
-0.793886 0.146767 38.000000
-0.746465 0.125224 38.000000
-0.691725 0.102696 38.000000
-0.629873 0.079587 38.000000
-0.561206 0.055975 38.000000
-0.485923 0.031989 38.000000
-0.404404 0.007689 38.000000
-0.316977 -0.016684 38.000000
-0.224001 -0.040998 38.000000
-0.125833 -0.064965 38.000000
-0.022814 -0.088379 38.000000
0.084599 -0.111043 38.000000
0.195926 -0.132834 38.000000
0.310697 -0.153748 38.000000
0.428340 -0.174029 38.000000
0.669958 -0.213322 38.000000
0.916011 -0.252308 38.000000
1.161789 -0.292361 38.000000
1.402666 -0.334525 38.000000
1.634130 -0.379399 38.000000
1.852091 -0.426871 38.000000
2.052765 -0.476239 38.000000
2.232864 -0.526103 38.000000
2.389647 -0.574463 38.000000
2.520736 -0.618976 38.000000
2.624388 -0.657270 38.000000
2.699222 -0.686948 38.000000
2.744423 -0.705837 38.000000
2.759544 -0.712331 38.000000
