3.256789 -1.138342 5.600000
3.188465 -1.070945 5.600000
3.115492 -1.008546 5.600000
3.039067 -0.950424 5.600000
2.961486 -0.893879 5.600000
2.882981 -0.838599 5.600000
2.803721 -0.784409 5.600000
2.724205 -0.730593 5.600000
2.644333 -0.677308 5.600000
2.564231 -0.624367 5.600000
2.484013 -0.571603 5.600000
2.403262 -0.519659 5.600000
2.322510 -0.467715 5.600000
2.241280 -0.416529 5.600000
2.159571 -0.366104 5.600000
2.077862 -0.315679 5.600000
1.995339 -0.266611 5.600000
1.912322 -0.218370 5.600000
1.829305 -0.170129 5.600000
1.745337 -0.123589 5.600000
1.660736 -0.078182 5.600000
1.576135 -0.032776 5.600000
1.490682 0.010964 5.600000
1.404338 0.052961 5.600000
1.317994 0.094959 5.600000
1.231039 0.135626 5.600000
1.142905 0.173722 5.600000
1.054770 0.211819 5.600000
0.966274 0.249022 5.600000
0.876392 0.282789 5.600000
0.786510 0.316556 5.600000
0.696463 0.349858 5.600000
0.605335 0.380105 5.600000
0.513707 0.408773 5.600000
0.421665 0.436091 5.600000
0.328995 0.461217 5.600000
0.235809 0.484320 5.600000
0.142211 0.505689 5.600000
0.048188 0.525147 5.600000
-0.046421 0.541527 5.600000
-0.141392 0.555571 5.600000
-0.236713 0.566959 5.600000
-0.332348 0.575325 5.600000
-0.428224 0.580274 5.600000
-0.524224 0.581434 5.600000
-0.620180 0.578434 5.600000
-0.715848 0.570568 5.600000
-0.810698 0.556037 5.600000
-0.903407 0.531445 5.600000
-0.989016 0.488453 5.600000
-1.060621 0.425329 5.600000
-1.074110 0.338264 5.600000
-0.999959 0.278245 5.600000
-0.915691 0.232321 5.600000
-0.828713 0.191687 5.600000
-0.740109 0.154705 5.600000
-0.650680 0.119761 5.600000
-0.560723 0.086197 5.600000
-0.470362 0.053735 5.600000
-0.379654 0.022253 5.600000
-0.288560 -0.008095 5.600000
-0.197164 -0.037515 5.600000
-0.105490 -0.066055 5.600000
-0.013559 -0.093758 5.600000
0.078688 -0.120396 5.600000
0.171243 -0.145937 5.600000
0.264001 -0.170728 5.600000
0.356975 -0.194708 5.600000
0.450197 -0.217699 5.600000
0.543556 -0.240120 5.600000
0.637086 -0.261830 5.600000
0.730615 -0.283541 5.600000
0.824196 -0.305024 5.600000
0.917897 -0.325980 5.600000
1.011598 -0.346937 5.600000
1.105294 -0.367918 5.600000
1.198960 -0.389029 5.600000
1.292627 -0.410140 5.600000
1.386291 -0.431259 5.600000
1.479726 -0.453373 5.600000
1.573161 -0.475487 5.600000
1.666595 -0.497602 5.600000
1.759628 -0.521344 5.600000
1.852626 -0.545231 5.600000
1.945623 -0.569119 5.600000
2.037992 -0.595323 5.600000
2.130321 -0.621675 5.600000
2.222529 -0.648423 5.600000
2.313894 -0.677944 5.600000
2.405260 -0.707465 5.600000
2.495913 -0.739035 5.600000
2.585906 -0.772505 5.600000
2.675586 -0.806755 5.600000
2.763650 -0.845013 5.600000
2.851477 -0.883775 5.600000
2.936925 -0.927566 5.600000
3.021260 -0.973351 5.600000
3.103377 -1.023111 5.600000
3.182015 -1.078169 5.600000
3.256789 -1.138342 5.600000
