3.317942 -0.945391 20.900000
3.234766 -0.900806 20.900000
3.151141 -0.856816 20.900000
3.067332 -0.813178 20.900000
2.983406 -0.769767 20.900000
2.899339 -0.726628 20.900000
2.815125 -0.683777 20.900000
2.730732 -0.641279 20.900000
2.646212 -0.599036 20.900000
2.561547 -0.557083 20.900000
2.476722 -0.515454 20.900000
2.391728 -0.474171 20.900000
2.306384 -0.433618 20.900000
2.220786 -0.393605 20.900000
2.134949 -0.354108 20.900000
2.048757 -0.315389 20.900000
1.962241 -0.277402 20.900000
1.875495 -0.239945 20.900000
1.788369 -0.203375 20.900000
1.700945 -0.167530 20.900000
1.613323 -0.132168 20.900000
1.525288 -0.097845 20.900000
1.437029 -0.064108 20.900000
1.348576 -0.030875 20.900000
1.259746 0.001333 20.900000
1.170766 0.033122 20.900000
1.081549 0.064242 20.900000
0.991963 0.094280 20.900000
0.902184 0.123734 20.900000
0.812033 0.152037 20.900000
0.721584 0.179359 20.900000
0.630914 0.205950 20.900000
0.539830 0.231087 20.900000
0.448487 0.255250 20.900000
0.356896 0.278470 20.900000
0.264908 0.300069 20.900000
0.172648 0.320445 20.900000
0.080124 0.339600 20.900000
-0.012722 0.357147 20.900000
-0.105908 0.372758 20.900000
-0.199340 0.386806 20.900000
-0.293025 0.399049 20.900000
-0.386981 0.409053 20.900000
-0.481155 0.416759 20.900000
-0.575522 0.421546 20.900000
-0.669990 0.423430 20.900000
-0.764431 0.420800 20.900000
-0.858536 0.412609 20.900000
-0.951755 0.397442 20.900000
-1.041674 0.368881 20.900000
-1.105931 0.306979 20.900000
-1.048941 0.236308 20.900000
-0.966359 0.190568 20.900000
-0.879865 0.152587 20.900000
-0.791720 0.118569 20.900000
-0.702655 0.087033 20.900000
-0.612947 0.057365 20.900000
-0.522693 0.029405 20.900000
-0.432060 0.002695 20.900000
-0.341098 -0.022870 20.900000
-0.249854 -0.047419 20.900000
-0.158421 -0.071255 20.900000
-0.066654 -0.093772 20.900000
0.025257 -0.115687 20.900000
0.117307 -0.137014 20.900000
0.209582 -0.157350 20.900000
0.301990 -0.177069 20.900000
0.394492 -0.196344 20.900000
0.487137 -0.214921 20.900000
0.579849 -0.233158 20.900000
0.672603 -0.251184 20.900000
0.765433 -0.268816 20.900000
0.858261 -0.286455 20.900000
0.951088 -0.304098 20.900000
1.043920 -0.321722 20.900000
1.136726 -0.339475 20.900000
1.229493 -0.357436 20.900000
1.322212 -0.375637 20.900000
1.414889 -0.394053 20.900000
1.507443 -0.413081 20.900000
1.599895 -0.432590 20.900000
1.692270 -0.452464 20.900000
1.784420 -0.473362 20.900000
1.876448 -0.494782 20.900000
1.968361 -0.516693 20.900000
2.060043 -0.539554 20.900000
2.151572 -0.563017 20.900000
2.242943 -0.587086 20.900000
2.334090 -0.611996 20.900000
2.424982 -0.637815 20.900000
2.515637 -0.664454 20.900000
2.606034 -0.691956 20.900000
2.696162 -0.720327 20.900000
2.785967 -0.749707 20.900000
2.875458 -0.780031 20.900000
2.964586 -0.811406 20.900000
3.053355 -0.843781 20.900000
3.141724 -0.877232 20.900000
3.229599 -0.911959 20.900000
3.317942 -0.945391 20.900000
