3.362591 -1.057641 15.100000
3.278876 -1.009796 15.100000
3.194685 -0.962546 15.100000
3.110297 -0.915651 15.100000
3.025782 -0.868984 15.100000
2.941116 -0.822591 15.100000
2.856291 -0.776488 15.100000
2.771275 -0.730740 15.100000
2.686121 -0.685250 15.100000
2.600812 -0.640052 15.100000
2.515330 -0.595181 15.100000
2.429666 -0.550657 15.100000
2.343623 -0.506870 15.100000
2.257307 -0.463628 15.100000
2.170732 -0.420905 15.100000
2.083773 -0.378968 15.100000
1.996463 -0.337769 15.100000
1.908903 -0.297105 15.100000
1.820931 -0.257336 15.100000
1.732633 -0.218300 15.100000
1.644120 -0.179752 15.100000
1.555157 -0.142253 15.100000
1.465948 -0.105347 15.100000
1.376528 -0.068950 15.100000
1.286694 -0.033589 15.100000
1.196695 0.001347 15.100000
1.106435 0.035607 15.100000
1.015770 0.068773 15.100000
0.924889 0.101347 15.100000
0.833598 0.132755 15.100000
0.741975 0.163171 15.100000
0.650106 0.192845 15.100000
0.557773 0.221046 15.100000
0.465150 0.248260 15.100000
0.372246 0.274517 15.100000
0.278893 0.299130 15.100000
0.185227 0.322501 15.100000
0.091258 0.344632 15.100000
-0.003085 0.365130 15.100000
-0.097828 0.383659 15.100000
-0.192867 0.400600 15.100000
-0.288214 0.415704 15.100000
-0.383899 0.428528 15.100000
-0.479871 0.439011 15.100000
-0.576121 0.446518 15.100000
-0.672555 0.451063 15.100000
-0.769087 0.450998 15.100000
-0.865428 0.445243 15.100000
-0.961060 0.432338 15.100000
-1.053692 0.405662 15.100000
-1.121039 0.344220 15.100000
-1.064792 0.270458 15.100000
-0.981716 0.221450 15.100000
-0.894428 0.180258 15.100000
-0.805344 0.143068 15.100000
-0.715251 0.108387 15.100000
-0.624450 0.075596 15.100000
-0.533043 0.044535 15.100000
-0.441215 0.014740 15.100000
-0.349019 -0.013895 15.100000
-0.256507 -0.041500 15.100000
-0.163782 -0.068382 15.100000
-0.070680 -0.093925 15.100000
0.022587 -0.118860 15.100000
0.116012 -0.143196 15.100000
0.209694 -0.166526 15.100000
0.303529 -0.189230 15.100000
0.397472 -0.211483 15.100000
0.491580 -0.233028 15.100000
0.585767 -0.254226 15.100000
0.680003 -0.275211 15.100000
0.774326 -0.295795 15.100000
0.868648 -0.316386 15.100000
0.962969 -0.336982 15.100000
1.057294 -0.357557 15.100000
1.151591 -0.378265 15.100000
1.245841 -0.399183 15.100000
1.340036 -0.420345 15.100000
1.434182 -0.441726 15.100000
1.528184 -0.463729 15.100000
1.622071 -0.486219 15.100000
1.715868 -0.509080 15.100000
1.809406 -0.532982 15.100000
1.902806 -0.557412 15.100000
1.996075 -0.582342 15.100000
2.089081 -0.608235 15.100000
2.181914 -0.634738 15.100000
2.274570 -0.661856 15.100000
2.366972 -0.689827 15.100000
2.459090 -0.718719 15.100000
2.550942 -0.748443 15.100000
2.642507 -0.779040 15.100000
2.733774 -0.810518 15.100000
2.824682 -0.843017 15.100000
2.915243 -0.876472 15.100000
3.005405 -0.910990 15.100000
3.095172 -0.946519 15.100000
3.184501 -0.983136 15.100000
3.273289 -1.021044 15.100000
3.362591 -1.057641 15.100000
