3.260487 -0.871693 24.700000
3.178418 -0.829413 24.700000
3.095919 -0.787722 24.700000
3.013246 -0.746377 24.700000
2.930461 -0.705256 24.700000
2.847543 -0.664404 24.700000
2.764486 -0.623836 24.700000
2.681260 -0.583616 24.700000
2.597913 -0.543647 24.700000
2.514429 -0.503965 24.700000
2.430794 -0.464603 24.700000
2.347000 -0.425580 24.700000
2.262874 -0.387278 24.700000
2.178508 -0.349508 24.700000
2.093917 -0.312246 24.700000
2.008991 -0.275752 24.700000
1.923761 -0.239978 24.700000
1.838313 -0.204726 24.700000
1.752508 -0.170348 24.700000
1.666423 -0.136684 24.700000
1.580152 -0.103496 24.700000
1.493494 -0.071330 24.700000
1.406626 -0.039741 24.700000
1.319577 -0.008649 24.700000
1.232175 0.021435 24.700000
1.144633 0.051107 24.700000
1.056869 0.080120 24.700000
0.968763 0.108070 24.700000
0.880476 0.135445 24.700000
0.791844 0.161688 24.700000
0.702937 0.186968 24.700000
0.613825 0.211528 24.700000
0.524331 0.234660 24.700000
0.434600 0.256835 24.700000
0.344640 0.278083 24.700000
0.254320 0.297740 24.700000
0.163752 0.316196 24.700000
0.072945 0.333454 24.700000
-0.018151 0.349133 24.700000
-0.109549 0.362913 24.700000
-0.201162 0.375161 24.700000
-0.292994 0.385639 24.700000
-0.385055 0.393923 24.700000
-0.477293 0.399955 24.700000
-0.569672 0.403129 24.700000
-0.662104 0.403463 24.700000
-0.754438 0.399381 24.700000
-0.846353 0.389866 24.700000
-0.937292 0.373541 24.700000
-1.024787 0.344168 24.700000
-1.086650 0.282592 24.700000
-1.029777 0.214377 24.700000
-0.948270 0.170958 24.700000
-0.863061 0.135189 24.700000
-0.776300 0.103324 24.700000
-0.688679 0.073901 24.700000
-0.600459 0.046315 24.700000
-0.511732 0.020409 24.700000
-0.422654 -0.004268 24.700000
-0.333273 -0.027820 24.700000
-0.243632 -0.050375 24.700000
-0.153817 -0.072228 24.700000
-0.063698 -0.092786 24.700000
0.026554 -0.112754 24.700000
0.116931 -0.132143 24.700000
0.207513 -0.150560 24.700000
0.298216 -0.168370 24.700000
0.389002 -0.185746 24.700000
0.479918 -0.202436 24.700000
0.570894 -0.218793 24.700000
0.661907 -0.234943 24.700000
0.752989 -0.250705 24.700000
0.844069 -0.266475 24.700000
0.935148 -0.282249 24.700000
1.026231 -0.298004 24.700000
1.117291 -0.313885 24.700000
1.208316 -0.329971 24.700000
1.299299 -0.346292 24.700000
1.390243 -0.362824 24.700000
1.481077 -0.379958 24.700000
1.571819 -0.397562 24.700000
1.662492 -0.415525 24.700000
1.752960 -0.434494 24.700000
1.843317 -0.453974 24.700000
1.933571 -0.473938 24.700000
2.023613 -0.494834 24.700000
2.113515 -0.516321 24.700000
2.203273 -0.538403 24.700000
2.292824 -0.561312 24.700000
2.382141 -0.585113 24.700000
2.471239 -0.609722 24.700000
2.560098 -0.635177 24.700000
2.648709 -0.661488 24.700000
2.737020 -0.688790 24.700000
2.825038 -0.717021 24.700000
2.912718 -0.746286 24.700000
3.000063 -0.776533 24.700000
3.087034 -0.807841 24.700000
3.173542 -0.840405 24.700000
3.260487 -0.871693 24.700000
