3.188450 -1.106531 1.800000
3.121465 -1.040747 1.800000
3.049943 -0.979864 1.800000
2.975054 -0.923170 1.800000
2.899037 -0.868023 1.800000
2.822119 -0.814115 1.800000
2.744465 -0.761276 1.800000
2.666561 -0.708801 1.800000
2.588310 -0.656849 1.800000
2.509835 -0.605232 1.800000
2.431247 -0.553790 1.800000
2.352138 -0.503150 1.800000
2.273029 -0.452510 1.800000
2.193455 -0.402613 1.800000
2.113412 -0.353461 1.800000
2.033370 -0.304310 1.800000
1.952536 -0.256488 1.800000
1.871219 -0.209476 1.800000
1.789902 -0.162463 1.800000
1.707659 -0.117117 1.800000
1.624799 -0.072882 1.800000
1.541939 -0.028646 1.800000
1.458249 0.013958 1.800000
1.373691 0.054855 1.800000
1.289133 0.095752 1.800000
1.203980 0.135347 1.800000
1.117679 0.172424 1.800000
1.031378 0.209501 1.800000
0.944726 0.245703 1.800000
0.856725 0.278541 1.800000
0.768723 0.311379 1.800000
0.680562 0.343762 1.800000
0.591350 0.373154 1.800000
0.501652 0.400999 1.800000
0.411552 0.427524 1.800000
0.320842 0.451903 1.800000
0.229632 0.474302 1.800000
0.138023 0.495003 1.800000
0.046001 0.513834 1.800000
-0.046586 0.529653 1.800000
-0.139523 0.543185 1.800000
-0.232796 0.554119 1.800000
-0.326370 0.562096 1.800000
-0.420172 0.566730 1.800000
-0.514087 0.567656 1.800000
-0.607951 0.564513 1.800000
-0.701522 0.556611 1.800000
-0.794278 0.542190 1.800000
-0.884917 0.517932 1.800000
-0.968573 0.475689 1.800000
-1.038484 0.413781 1.800000
-1.051491 0.328581 1.800000
-0.978822 0.270027 1.800000
-0.896286 0.225284 1.800000
-0.811111 0.185722 1.800000
-0.724353 0.149737 1.800000
-0.636793 0.115747 1.800000
-0.548719 0.083107 1.800000
-0.460252 0.051547 1.800000
-0.371448 0.020946 1.800000
-0.282269 -0.008545 1.800000
-0.192796 -0.037126 1.800000
-0.103053 -0.064847 1.800000
-0.013061 -0.091749 1.800000
0.077238 -0.117608 1.800000
0.167837 -0.142392 1.800000
0.258632 -0.166444 1.800000
0.349636 -0.189701 1.800000
0.440881 -0.211990 1.800000
0.532259 -0.233720 1.800000
0.623802 -0.254756 1.800000
0.715345 -0.275792 1.800000
0.806938 -0.296605 1.800000
0.898648 -0.316903 1.800000
0.990357 -0.337201 1.800000
1.082061 -0.357522 1.800000
1.173737 -0.377971 1.800000
1.265413 -0.398420 1.800000
1.357087 -0.418876 1.800000
1.448538 -0.440307 1.800000
1.539989 -0.461738 1.800000
1.631440 -0.483169 1.800000
1.722502 -0.506193 1.800000
1.813529 -0.529360 1.800000
1.904556 -0.552526 1.800000
1.994973 -0.577961 1.800000
2.085352 -0.603539 1.800000
2.175614 -0.629506 1.800000
2.265057 -0.658187 1.800000
2.354500 -0.686868 1.800000
2.443250 -0.717555 1.800000
2.531360 -0.750102 1.800000
2.619164 -0.783413 1.800000
2.705397 -0.820649 1.800000
2.791398 -0.858377 1.800000
2.875083 -0.901031 1.800000
2.957684 -0.945638 1.800000
3.038123 -0.994137 1.800000
3.115171 -1.047828 1.800000
3.188450 -1.106531 1.800000
