3.126226 -0.792044 28.500000
3.047282 -0.752674 28.500000
2.967934 -0.713872 28.500000
2.888424 -0.675404 28.500000
2.808811 -0.637151 28.500000
2.729073 -0.599157 28.500000
2.649206 -0.561435 28.500000
2.569182 -0.524048 28.500000
2.489046 -0.486903 28.500000
2.408782 -0.450033 28.500000
2.328378 -0.413471 28.500000
2.247826 -0.377236 28.500000
2.166966 -0.341693 28.500000
2.085884 -0.306661 28.500000
2.004593 -0.272118 28.500000
1.922992 -0.238312 28.500000
1.841108 -0.205199 28.500000
1.759023 -0.172586 28.500000
1.676609 -0.140814 28.500000
1.593935 -0.109727 28.500000
1.511090 -0.079097 28.500000
1.427887 -0.049449 28.500000
1.344491 -0.020355 28.500000
1.260929 0.008263 28.500000
1.177042 0.035913 28.500000
1.093026 0.063167 28.500000
1.008807 0.089790 28.500000
0.924274 0.115391 28.500000
0.839575 0.140442 28.500000
0.754561 0.164406 28.500000
0.669296 0.187447 28.500000
0.583844 0.209797 28.500000
0.498045 0.230778 28.500000
0.412032 0.250842 28.500000
0.325812 0.270017 28.500000
0.239267 0.287668 28.500000
0.152500 0.304168 28.500000
0.065520 0.319520 28.500000
-0.021715 0.333360 28.500000
-0.109216 0.345382 28.500000
-0.196904 0.355937 28.500000
-0.284778 0.364799 28.500000
-0.372843 0.371560 28.500000
-0.461050 0.376169 28.500000
-0.549356 0.378045 28.500000
-0.637676 0.377205 28.500000
-0.725848 0.372149 28.500000
-0.813551 0.361907 28.500000
-0.900236 0.345169 28.500000
-0.983468 0.316008 28.500000
-1.041805 0.256400 28.500000
-0.986610 0.191935 28.500000
-0.908188 0.151469 28.500000
-0.826325 0.118360 28.500000
-0.743029 0.089001 28.500000
-0.658940 0.061985 28.500000
-0.574303 0.036732 28.500000
-0.489202 0.013091 28.500000
-0.403781 -0.009372 28.500000
-0.318085 -0.030756 28.500000
-0.232153 -0.051183 28.500000
-0.146064 -0.070939 28.500000
-0.059700 -0.089452 28.500000
0.026784 -0.107401 28.500000
0.113380 -0.124795 28.500000
0.200159 -0.141257 28.500000
0.287046 -0.157138 28.500000
0.374008 -0.172603 28.500000
0.461084 -0.187412 28.500000
0.548215 -0.201901 28.500000
0.635378 -0.216191 28.500000
0.722601 -0.230111 28.500000
0.809823 -0.244038 28.500000
0.897044 -0.257969 28.500000
0.984269 -0.271881 28.500000
1.071473 -0.285916 28.500000
1.158647 -0.300145 28.500000
1.245783 -0.314600 28.500000
1.332885 -0.329257 28.500000
1.419888 -0.344490 28.500000
1.506811 -0.360174 28.500000
1.593671 -0.376201 28.500000
1.680348 -0.393193 28.500000
1.766927 -0.410674 28.500000
1.853411 -0.428618 28.500000
1.939706 -0.447456 28.500000
2.025874 -0.466860 28.500000
2.111912 -0.486835 28.500000
2.197763 -0.507602 28.500000
2.283401 -0.529225 28.500000
2.368839 -0.551622 28.500000
2.454061 -0.574831 28.500000
2.539056 -0.598860 28.500000
2.623777 -0.623841 28.500000
2.708229 -0.649713 28.500000
2.792372 -0.676576 28.500000
2.876206 -0.704383 28.500000
2.959697 -0.733207 28.500000
3.042761 -0.763237 28.500000
3.126226 -0.792044 28.500000
