3.331146 -1.152862 7.500000
3.261126 -1.084214 7.500000
3.186370 -1.020688 7.500000
3.108102 -0.961542 7.500000
3.028658 -0.904012 7.500000
2.948272 -0.847777 7.500000
2.867120 -0.792658 7.500000
2.785707 -0.737921 7.500000
2.703931 -0.683730 7.500000
2.621923 -0.629889 7.500000
2.539796 -0.576231 7.500000
2.457126 -0.523411 7.500000
2.374456 -0.470591 7.500000
2.291300 -0.418547 7.500000
2.207657 -0.367283 7.500000
2.124013 -0.316019 7.500000
2.039543 -0.266143 7.500000
1.954570 -0.217114 7.500000
1.869597 -0.168085 7.500000
1.783659 -0.120797 7.500000
1.697076 -0.074669 7.500000
1.610494 -0.028542 7.500000
1.523047 0.015881 7.500000
1.434694 0.058520 7.500000
1.346342 0.101159 7.500000
1.257369 0.142437 7.500000
1.167200 0.181085 7.500000
1.077030 0.219733 7.500000
0.986494 0.257467 7.500000
0.894552 0.291686 7.500000
0.802610 0.325905 7.500000
0.710502 0.359648 7.500000
0.617299 0.390267 7.500000
0.523590 0.419270 7.500000
0.429461 0.446893 7.500000
0.334698 0.472274 7.500000
0.239414 0.495587 7.500000
0.143715 0.517126 7.500000
0.047587 0.536712 7.500000
-0.049129 0.553152 7.500000
-0.146209 0.567202 7.500000
-0.243638 0.578539 7.500000
-0.341377 0.586786 7.500000
-0.439353 0.591542 7.500000
-0.537442 0.592426 7.500000
-0.635475 0.589059 7.500000
-0.733197 0.580723 7.500000
-0.830063 0.565577 7.500000
-0.924709 0.540161 7.500000
-1.012045 0.495965 7.500000
-1.085008 0.431244 7.500000
-1.098517 0.342245 7.500000
-1.022566 0.281154 7.500000
-0.936322 0.234496 7.500000
-0.847326 0.193252 7.500000
-0.756680 0.155745 7.500000
-0.665198 0.120322 7.500000
-0.573181 0.086310 7.500000
-0.480754 0.053427 7.500000
-0.387975 0.021545 7.500000
-0.294807 -0.009177 7.500000
-0.201331 -0.038949 7.500000
-0.107575 -0.067822 7.500000
-0.013559 -0.095839 7.500000
0.080776 -0.122766 7.500000
0.175423 -0.148571 7.500000
0.270275 -0.173610 7.500000
0.365344 -0.197819 7.500000
0.460665 -0.221018 7.500000
0.556124 -0.243632 7.500000
0.651754 -0.265522 7.500000
0.747384 -0.287411 7.500000
0.843067 -0.309066 7.500000
0.938870 -0.330184 7.500000
1.034674 -0.351303 7.500000
1.130472 -0.372445 7.500000
1.226240 -0.393721 7.500000
1.322008 -0.414997 7.500000
1.417775 -0.436281 7.500000
1.513310 -0.458582 7.500000
1.608845 -0.480884 7.500000
1.704379 -0.503186 7.500000
1.799509 -0.527152 7.500000
1.894602 -0.551267 7.500000
1.989696 -0.575382 7.500000
2.084154 -0.601866 7.500000
2.178573 -0.628500 7.500000
2.272870 -0.655540 7.500000
2.366313 -0.685416 7.500000
2.459757 -0.715292 7.500000
2.552479 -0.747264 7.500000
2.644534 -0.781179 7.500000
2.736270 -0.815892 7.500000
2.826369 -0.854705 7.500000
2.916226 -0.894034 7.500000
3.003668 -0.938509 7.500000
3.089980 -0.985024 7.500000
3.174037 -1.035607 7.500000
3.254558 -1.091615 7.500000
3.331146 -1.152862 7.500000
