2.843752 -0.684615 34.200000
2.772379 -0.648423 34.200000
2.699320 -0.615579 34.200000
2.626387 -0.582456 34.200000
2.553562 -0.549096 34.200000
2.480809 -0.515578 34.200000
2.408131 -0.481899 34.200000
2.335446 -0.448235 34.200000
2.262751 -0.414592 34.200000
2.189959 -0.381159 34.200000
2.117076 -0.347926 34.200000
2.044109 -0.314877 34.200000
1.970929 -0.282304 34.200000
1.897592 -0.250085 34.200000
1.824101 -0.218219 34.200000
1.750262 -0.187167 34.200000
1.676225 -0.156597 34.200000
1.601990 -0.126503 34.200000
1.527388 -0.097333 34.200000
1.452538 -0.068811 34.200000
1.377469 -0.040865 34.200000
1.302061 -0.013846 34.200000
1.226408 0.012473 34.200000
1.150562 0.038233 34.200000
1.074437 0.063160 34.200000
0.998043 0.087248 34.200000
0.921459 0.110720 34.200000
0.844619 0.133349 34.200000
0.767486 0.154948 34.200000
0.690160 0.175845 34.200000
0.612603 0.195877 34.200000
0.534731 0.214643 34.200000
0.456671 0.232602 34.200000
0.378417 0.249708 34.200000
0.299836 0.265246 34.200000
0.221082 0.279856 34.200000
0.142154 0.293513 34.200000
0.062958 0.305530 34.200000
-0.016417 0.316260 34.200000
-0.095943 0.325812 34.200000
-0.175654 0.333714 34.200000
-0.255534 0.339610 34.200000
-0.335512 0.343862 34.200000
-0.415572 0.346290 34.200000
-0.495673 0.345757 34.200000
-0.575682 0.342239 34.200000
-0.655460 0.335427 34.200000
-0.734741 0.324327 34.200000
-0.812903 0.307149 34.200000
-0.888344 0.280649 34.200000
-0.947332 0.228975 34.200000
-0.901651 0.172298 34.200000
-0.827158 0.143066 34.200000
-0.750597 0.119589 34.200000
-0.673302 0.098606 34.200000
-0.595632 0.079028 34.200000
-0.517668 0.060641 34.200000
-0.439520 0.043060 34.200000
-0.361276 0.025909 34.200000
-0.282930 0.009227 34.200000
-0.204492 -0.007014 34.200000
-0.126010 -0.023046 34.200000
-0.047477 -0.038827 34.200000
0.031098 -0.054394 34.200000
0.109693 -0.069861 34.200000
0.188312 -0.085205 34.200000
0.266944 -0.100481 34.200000
0.345580 -0.115737 34.200000
0.424216 -0.130997 34.200000
0.502847 -0.146281 34.200000
0.581473 -0.161590 34.200000
0.660085 -0.176966 34.200000
0.738684 -0.192416 34.200000
0.817271 -0.207922 34.200000
0.895835 -0.223549 34.200000
0.974379 -0.239269 34.200000
1.052908 -0.255069 34.200000
1.131400 -0.271048 34.200000
1.209870 -0.287141 34.200000
1.288317 -0.303337 34.200000
1.366714 -0.319779 34.200000
1.445081 -0.336364 34.200000
1.523416 -0.353098 34.200000
1.601680 -0.370160 34.200000
1.679903 -0.387409 34.200000
1.758079 -0.404869 34.200000
1.836162 -0.422745 34.200000
1.914191 -0.440852 34.200000
1.992158 -0.459224 34.200000
2.070015 -0.478056 34.200000
2.147808 -0.497150 34.200000
2.225524 -0.516555 34.200000
2.303094 -0.536536 34.200000
2.380572 -0.556871 34.200000
2.457941 -0.577619 34.200000
2.535124 -0.599046 34.200000
2.612216 -0.620795 34.200000
2.689187 -0.642973 34.200000
2.766019 -0.665628 34.200000
2.843752 -0.684615 34.200000
