2.914635 -0.710565 32.300000
2.841539 -0.673235 32.300000
2.766704 -0.639334 32.300000
2.691998 -0.605146 32.300000
2.617405 -0.570715 32.300000
2.542886 -0.536123 32.300000
2.468444 -0.501366 32.300000
2.393995 -0.466624 32.300000
2.319536 -0.431904 32.300000
2.244977 -0.397399 32.300000
2.170324 -0.363098 32.300000
2.095584 -0.328987 32.300000
2.020623 -0.295363 32.300000
1.945502 -0.262101 32.300000
1.870221 -0.229201 32.300000
1.794581 -0.197135 32.300000
1.718735 -0.165562 32.300000
1.642687 -0.134478 32.300000
1.566258 -0.104340 32.300000
1.489573 -0.074865 32.300000
1.412663 -0.045981 32.300000
1.335401 -0.018047 32.300000
1.257886 0.009170 32.300000
1.180171 0.035815 32.300000
1.102168 0.061606 32.300000
1.023888 0.086536 32.300000
0.945410 0.110837 32.300000
0.866667 0.134273 32.300000
0.787619 0.156654 32.300000
0.708373 0.178314 32.300000
0.628886 0.199089 32.300000
0.549073 0.218566 32.300000
0.469066 0.237216 32.300000
0.388856 0.254992 32.300000
0.308306 0.271160 32.300000
0.227576 0.286377 32.300000
0.146665 0.300618 32.300000
0.065474 0.313176 32.300000
-0.015904 0.324416 32.300000
-0.097440 0.334448 32.300000
-0.179172 0.342788 32.300000
-0.261082 0.349071 32.300000
-0.343098 0.353669 32.300000
-0.425203 0.356395 32.300000
-0.507359 0.356085 32.300000
-0.589429 0.352713 32.300000
-0.671273 0.345962 32.300000
-0.752619 0.334812 32.300000
-0.832836 0.317425 32.300000
-0.910289 0.290468 32.300000
-0.970943 0.237643 32.300000
-0.924257 0.179378 32.300000
-0.847941 0.149177 32.300000
-0.769487 0.124871 32.300000
-0.690272 0.103123 32.300000
-0.610669 0.082813 32.300000
-0.530760 0.063725 32.300000
-0.450661 0.045462 32.300000
-0.370462 0.027640 32.300000
-0.290156 0.010300 32.300000
-0.209755 -0.006590 32.300000
-0.129309 -0.023265 32.300000
-0.048809 -0.039682 32.300000
0.031735 -0.055880 32.300000
0.112299 -0.071976 32.300000
0.192888 -0.087946 32.300000
0.273491 -0.103846 32.300000
0.354098 -0.119725 32.300000
0.434705 -0.135608 32.300000
0.515306 -0.151517 32.300000
0.595902 -0.167450 32.300000
0.676485 -0.183452 32.300000
0.757053 -0.199530 32.300000
0.837609 -0.215666 32.300000
0.918141 -0.231926 32.300000
0.998652 -0.248282 32.300000
1.079148 -0.264718 32.300000
1.159605 -0.281338 32.300000
1.240039 -0.298076 32.300000
1.320450 -0.314919 32.300000
1.400808 -0.332014 32.300000
1.481135 -0.349255 32.300000
1.561428 -0.366650 32.300000
1.641649 -0.384380 32.300000
1.721826 -0.402302 32.300000
1.801955 -0.420442 32.300000
1.881986 -0.439006 32.300000
1.961962 -0.457807 32.300000
2.041874 -0.476882 32.300000
2.121671 -0.496426 32.300000
2.201402 -0.516240 32.300000
2.281054 -0.536371 32.300000
2.360554 -0.557094 32.300000
2.439957 -0.578179 32.300000
2.519248 -0.599687 32.300000
2.598347 -0.621891 32.300000
2.677352 -0.644426 32.300000
2.756230 -0.667399 32.300000
2.834965 -0.690863 32.300000
2.914635 -0.710565 32.300000
