3.256253 -1.139877 3.700000
3.187960 -1.072448 3.700000
3.115016 -1.010014 3.700000
3.038618 -0.951856 3.700000
2.961065 -0.895275 3.700000
2.882585 -0.839957 3.700000
2.803351 -0.785731 3.700000
2.723861 -0.731876 3.700000
2.644013 -0.678554 3.700000
2.563937 -0.625575 3.700000
2.483744 -0.572774 3.700000
2.403017 -0.520791 3.700000
2.322289 -0.468809 3.700000
2.241084 -0.417585 3.700000
2.159398 -0.367121 3.700000
2.077713 -0.316658 3.700000
1.995213 -0.267552 3.700000
1.912219 -0.219271 3.700000
1.829224 -0.170991 3.700000
1.745279 -0.124411 3.700000
1.660699 -0.078965 3.700000
1.576119 -0.033519 3.700000
1.490687 0.010261 3.700000
1.404363 0.052299 3.700000
1.318038 0.094337 3.700000
1.231103 0.135046 3.700000
1.142986 0.173184 3.700000
1.054870 0.211322 3.700000
0.966392 0.248567 3.700000
0.876525 0.282376 3.700000
0.786659 0.316186 3.700000
0.696627 0.349530 3.700000
0.605514 0.379820 3.700000
0.513900 0.408531 3.700000
0.421871 0.435893 3.700000
0.329212 0.461062 3.700000
0.236037 0.484209 3.700000
0.142449 0.505622 3.700000
0.048435 0.525124 3.700000
-0.046166 0.541549 3.700000
-0.141130 0.555637 3.700000
-0.236446 0.567071 3.700000
-0.332077 0.575482 3.700000
-0.427951 0.580476 3.700000
-0.523950 0.581681 3.700000
-0.619908 0.578726 3.700000
-0.715579 0.570906 3.700000
-0.810436 0.556419 3.700000
-0.903156 0.531871 3.700000
-0.988786 0.488919 3.700000
-1.060421 0.425828 3.700000
-1.073951 0.338770 3.700000
-0.999828 0.278716 3.700000
-0.915582 0.232753 3.700000
-0.828623 0.192077 3.700000
-0.740036 0.155054 3.700000
-0.650623 0.120068 3.700000
-0.560683 0.086461 3.700000
-0.470337 0.053957 3.700000
-0.379644 0.022432 3.700000
-0.288564 -0.007959 3.700000
-0.197181 -0.037422 3.700000
-0.105521 -0.066005 3.700000
-0.013603 -0.093752 3.700000
0.078631 -0.120433 3.700000
0.171174 -0.146017 3.700000
0.263921 -0.170852 3.700000
0.356883 -0.194876 3.700000
0.450094 -0.217911 3.700000
0.543443 -0.240376 3.700000
0.636962 -0.262131 3.700000
0.730481 -0.283886 3.700000
0.824052 -0.305412 3.700000
0.917743 -0.326413 3.700000
1.011435 -0.347414 3.700000
1.105121 -0.368438 3.700000
1.198777 -0.389594 3.700000
1.292433 -0.410749 3.700000
1.386088 -0.431912 3.700000
1.479512 -0.454070 3.700000
1.572937 -0.476229 3.700000
1.666361 -0.498387 3.700000
1.759383 -0.522173 3.700000
1.852368 -0.546104 3.700000
1.945354 -0.570035 3.700000
2.037711 -0.596283 3.700000
2.130028 -0.622679 3.700000
2.222223 -0.649470 3.700000
2.313575 -0.679034 3.700000
2.404926 -0.708598 3.700000
2.495564 -0.740211 3.700000
2.585542 -0.773724 3.700000
2.675205 -0.808016 3.700000
2.763252 -0.846315 3.700000
2.851060 -0.885119 3.700000
2.936488 -0.928950 3.700000
3.020801 -0.974775 3.700000
3.102894 -1.024573 3.700000
3.181507 -1.079668 3.700000
3.256253 -1.139877 3.700000
