2.699633 -0.642347 38.000000
2.631829 -0.608191 38.000000
2.562434 -0.577215 38.000000
2.493157 -0.545975 38.000000
2.423984 -0.514508 38.000000
2.354878 -0.482892 38.000000
2.285842 -0.451124 38.000000
2.216800 -0.419369 38.000000
2.147749 -0.387634 38.000000
2.078606 -0.356100 38.000000
2.009377 -0.324754 38.000000
1.940069 -0.293584 38.000000
1.870559 -0.262866 38.000000
1.800903 -0.232484 38.000000
1.731101 -0.202437 38.000000
1.660971 -0.173163 38.000000
1.590653 -0.144347 38.000000
1.520150 -0.115984 38.000000
1.449300 -0.088497 38.000000
1.378217 -0.061626 38.000000
1.306928 -0.035302 38.000000
1.235319 -0.009859 38.000000
1.163480 0.014920 38.000000
1.091459 0.039168 38.000000
1.019175 0.062625 38.000000
0.946639 0.085285 38.000000
0.873923 0.107361 38.000000
0.800967 0.128636 38.000000
0.727735 0.148933 38.000000
0.654322 0.168564 38.000000
0.580692 0.187373 38.000000
0.506767 0.204981 38.000000
0.432665 0.221822 38.000000
0.358381 0.237854 38.000000
0.283791 0.252397 38.000000
0.209039 0.266059 38.000000
0.134125 0.278818 38.000000
0.058960 0.290019 38.000000
-0.016371 0.299999 38.000000
-0.091842 0.308861 38.000000
-0.167486 0.316157 38.000000
-0.243284 0.321550 38.000000
-0.319170 0.325383 38.000000
-0.395131 0.327484 38.000000
-0.471122 0.326777 38.000000
-0.547019 0.323238 38.000000
-0.622688 0.316575 38.000000
-0.697875 0.305844 38.000000
-0.771986 0.289351 38.000000
-0.843491 0.264020 38.000000
-0.899324 0.214848 38.000000
-0.855843 0.161192 38.000000
-0.785097 0.133647 38.000000
-0.712403 0.111566 38.000000
-0.639019 0.091854 38.000000
-0.565284 0.073476 38.000000
-0.491272 0.056228 38.000000
-0.417087 0.039746 38.000000
-0.342813 0.023671 38.000000
-0.268443 0.008042 38.000000
-0.193986 -0.007169 38.000000
-0.119490 -0.022182 38.000000
-0.044945 -0.036955 38.000000
0.029640 -0.051526 38.000000
0.104243 -0.066002 38.000000
0.178869 -0.080362 38.000000
0.253507 -0.094656 38.000000
0.328148 -0.108932 38.000000
0.402790 -0.123211 38.000000
0.477426 -0.137514 38.000000
0.552058 -0.151840 38.000000
0.626678 -0.166229 38.000000
0.701284 -0.180688 38.000000
0.775880 -0.195202 38.000000
0.850454 -0.209829 38.000000
0.925010 -0.224546 38.000000
0.999551 -0.239338 38.000000
1.074058 -0.254299 38.000000
1.148544 -0.269370 38.000000
1.223009 -0.284538 38.000000
1.297427 -0.299939 38.000000
1.371816 -0.315476 38.000000
1.446176 -0.331155 38.000000
1.520469 -0.347145 38.000000
1.594724 -0.363312 38.000000
1.668935 -0.379681 38.000000
1.743057 -0.396443 38.000000
1.817130 -0.413425 38.000000
1.891145 -0.430659 38.000000
1.965057 -0.448329 38.000000
2.038908 -0.466248 38.000000
2.112688 -0.484462 38.000000
2.186330 -0.503223 38.000000
2.259885 -0.522320 38.000000
2.333338 -0.541809 38.000000
2.406617 -0.561943 38.000000
2.479810 -0.582383 38.000000
2.552890 -0.603229 38.000000
2.625838 -0.624530 38.000000
2.699633 -0.642347 38.000000
