3.193948 -0.829878 26.600000
3.113414 -0.789102 26.600000
3.032463 -0.748906 26.600000
2.951345 -0.709050 26.600000
2.870119 -0.669413 26.600000
2.788765 -0.630040 26.600000
2.707276 -0.590946 26.600000
2.625625 -0.552193 26.600000
2.543857 -0.513687 26.600000
2.461958 -0.475461 26.600000
2.379913 -0.437550 26.600000
2.297714 -0.399971 26.600000
2.215196 -0.363100 26.600000
2.132448 -0.326751 26.600000
2.049483 -0.290899 26.600000
1.966195 -0.255801 26.600000
1.882614 -0.221409 26.600000
1.798825 -0.187529 26.600000
1.714693 -0.154506 26.600000
1.630291 -0.122183 26.600000
1.545711 -0.090327 26.600000
1.460760 -0.059472 26.600000
1.375607 -0.029183 26.600000
1.290280 0.000619 26.600000
1.204616 0.029432 26.600000
1.118817 0.057842 26.600000
1.032806 0.085607 26.600000
0.946468 0.112328 26.600000
0.859957 0.138487 26.600000
0.773117 0.163537 26.600000
0.686013 0.187643 26.600000
0.598715 0.211044 26.600000
0.511053 0.233046 26.600000
0.423165 0.254110 26.600000
0.335061 0.274267 26.600000
0.246614 0.292866 26.600000
0.157934 0.310288 26.600000
0.069029 0.326537 26.600000
-0.020148 0.341241 26.600000
-0.109607 0.354086 26.600000
-0.199267 0.365432 26.600000
-0.289128 0.375045 26.600000
-0.379198 0.382511 26.600000
-0.469425 0.387775 26.600000
-0.559771 0.390243 26.600000
-0.650149 0.389933 26.600000
-0.740401 0.385308 26.600000
-0.830206 0.375372 26.600000
-0.919009 0.358785 26.600000
-1.004357 0.329463 26.600000
-1.064419 0.268832 26.600000
-1.008342 0.202526 26.600000
-0.928351 0.160633 26.600000
-0.844791 0.126246 26.600000
-0.759741 0.095687 26.600000
-0.673867 0.067520 26.600000
-0.587419 0.041155 26.600000
-0.500488 0.016436 26.600000
-0.413222 -0.007080 26.600000
-0.325667 -0.029493 26.600000
-0.237866 -0.050929 26.600000
-0.149899 -0.071679 26.600000
-0.061643 -0.091160 26.600000
0.026738 -0.110063 26.600000
0.115239 -0.128400 26.600000
0.203932 -0.145783 26.600000
0.292739 -0.162574 26.600000
0.381626 -0.178938 26.600000
0.470634 -0.194632 26.600000
0.559699 -0.209999 26.600000
0.648798 -0.225164 26.600000
0.737962 -0.239949 26.600000
0.827124 -0.254742 26.600000
0.916286 -0.269539 26.600000
1.005450 -0.284316 26.600000
1.094594 -0.299219 26.600000
1.183705 -0.314320 26.600000
1.272776 -0.329653 26.600000
1.361810 -0.345192 26.600000
1.450741 -0.361319 26.600000
1.539586 -0.377908 26.600000
1.628365 -0.394848 26.600000
1.716951 -0.412772 26.600000
1.805432 -0.431198 26.600000
1.893815 -0.450097 26.600000
1.981998 -0.469909 26.600000
2.070048 -0.490299 26.600000
2.157961 -0.511273 26.600000
2.245677 -0.533057 26.600000
2.333171 -0.555714 26.600000
2.420456 -0.579162 26.600000
2.507514 -0.603440 26.600000
2.594334 -0.628556 26.600000
2.680868 -0.654644 26.600000
2.767122 -0.681641 26.600000
2.853053 -0.709652 26.600000
2.938663 -0.738626 26.600000
3.023914 -0.768639 26.600000
3.108722 -0.799883 26.600000
3.193948 -0.829878 26.600000
