3.337018 -1.135754 9.400000
3.266646 -1.067466 9.400000
3.191566 -1.004325 9.400000
3.112995 -0.945581 9.400000
3.033256 -0.888459 9.400000
2.952583 -0.832637 9.400000
2.871150 -0.777936 9.400000
2.789457 -0.723618 9.400000
2.707404 -0.669846 9.400000
2.625120 -0.616427 9.400000
2.542719 -0.563191 9.400000
2.459779 -0.510796 9.400000
2.376839 -0.458401 9.400000
2.293418 -0.406784 9.400000
2.209512 -0.355950 9.400000
2.125607 -0.305116 9.400000
2.040882 -0.255675 9.400000
1.955659 -0.207082 9.400000
1.870435 -0.158490 9.400000
1.784255 -0.111643 9.400000
1.697437 -0.065960 9.400000
1.610619 -0.020277 9.400000
1.522945 0.023696 9.400000
1.434375 0.065881 9.400000
1.345805 0.108066 9.400000
1.256622 0.148887 9.400000
1.166255 0.187072 9.400000
1.075888 0.225257 9.400000
0.985160 0.262526 9.400000
0.893044 0.296272 9.400000
0.800927 0.330019 9.400000
0.708647 0.363289 9.400000
0.615288 0.393429 9.400000
0.521431 0.421951 9.400000
0.427162 0.449091 9.400000
0.332270 0.473985 9.400000
0.236868 0.496809 9.400000
0.141060 0.517857 9.400000
0.044832 0.536949 9.400000
-0.051967 0.552892 9.400000
-0.149118 0.566444 9.400000
-0.246603 0.577281 9.400000
-0.344384 0.585027 9.400000
-0.442382 0.589280 9.400000
-0.540475 0.589660 9.400000
-0.638489 0.585791 9.400000
-0.736168 0.576953 9.400000
-0.832954 0.561311 9.400000
-0.927469 0.535409 9.400000
-1.014576 0.490766 9.400000
-1.087206 0.425671 9.400000
-1.100258 0.336604 9.400000
-1.023995 0.275903 9.400000
-0.937513 0.229689 9.400000
-0.848307 0.188901 9.400000
-0.757470 0.151860 9.400000
-0.665806 0.116907 9.400000
-0.573616 0.083368 9.400000
-0.481022 0.050959 9.400000
-0.388081 0.019554 9.400000
-0.294756 -0.010689 9.400000
-0.201129 -0.039981 9.400000
-0.107226 -0.068373 9.400000
-0.013067 -0.095907 9.400000
0.081405 -0.122349 9.400000
0.176183 -0.147669 9.400000
0.271162 -0.172221 9.400000
0.366354 -0.195942 9.400000
0.461793 -0.218651 9.400000
0.557367 -0.240776 9.400000
0.653108 -0.262174 9.400000
0.748849 -0.283572 9.400000
0.844642 -0.304736 9.400000
0.940552 -0.325363 9.400000
1.036463 -0.345989 9.400000
1.132368 -0.366639 9.400000
1.228244 -0.387424 9.400000
1.324121 -0.408208 9.400000
1.419995 -0.429000 9.400000
1.515643 -0.450811 9.400000
1.611291 -0.472622 9.400000
1.706939 -0.494434 9.400000
1.802190 -0.517911 9.400000
1.897406 -0.541538 9.400000
1.992622 -0.565164 9.400000
2.087215 -0.591163 9.400000
2.181769 -0.617313 9.400000
2.276203 -0.643869 9.400000
2.369799 -0.673265 9.400000
2.463395 -0.702661 9.400000
2.556280 -0.734157 9.400000
2.648507 -0.767599 9.400000
2.740420 -0.801841 9.400000
2.830717 -0.840191 9.400000
2.920775 -0.879058 9.400000
3.008445 -0.923084 9.400000
3.094994 -0.969156 9.400000
3.179310 -1.019307 9.400000
3.260117 -1.074901 9.400000
3.337018 -1.135754 9.400000
