3.057387 -0.758213 30.400000
2.980792 -0.718712 30.400000
2.902356 -0.682805 30.400000
2.824059 -0.646597 30.400000
2.745880 -0.610134 30.400000
2.667780 -0.573503 30.400000
2.589760 -0.536699 30.400000
2.511734 -0.499910 30.400000
2.433697 -0.463145 30.400000
2.355554 -0.426605 30.400000
2.277312 -0.390279 30.400000
2.198977 -0.354151 30.400000
2.120409 -0.318535 30.400000
2.041671 -0.283298 30.400000
1.962763 -0.248440 30.400000
1.883475 -0.214456 30.400000
1.803969 -0.180989 30.400000
1.724248 -0.148035 30.400000
1.644124 -0.116072 30.400000
1.563728 -0.084804 30.400000
1.483093 -0.054157 30.400000
1.402085 -0.024505 30.400000
1.320808 0.004396 30.400000
1.239319 0.032696 30.400000
1.157524 0.060101 30.400000
1.075434 0.086603 30.400000
0.993133 0.112445 30.400000
0.910551 0.137380 30.400000
0.827645 0.161209 30.400000
0.744527 0.184282 30.400000
0.661154 0.206426 30.400000
0.577432 0.227209 30.400000
0.493502 0.247123 30.400000
0.409356 0.266122 30.400000
0.324847 0.283434 30.400000
0.240144 0.299747 30.400000
0.155248 0.315037 30.400000
0.070050 0.328560 30.400000
-0.015349 0.340700 30.400000
-0.100920 0.351573 30.400000
-0.186703 0.360670 30.400000
-0.272682 0.367608 30.400000
-0.358778 0.372776 30.400000
-0.444977 0.375980 30.400000
-0.531242 0.375997 30.400000
-0.617429 0.372798 30.400000
-0.703392 0.366050 30.400000
-0.788851 0.354680 30.400000
-0.873150 0.336758 30.400000
-0.954588 0.308775 30.400000
-1.018493 0.253563 30.400000
-0.969716 0.192191 30.400000
-0.889711 0.160162 30.400000
-0.807435 0.134315 30.400000
-0.724351 0.111150 30.400000
-0.640852 0.089493 30.400000
-0.557029 0.069118 30.400000
-0.473001 0.049610 30.400000
-0.388867 0.030563 30.400000
-0.304618 0.012022 30.400000
-0.220268 -0.006047 30.400000
-0.135870 -0.023890 30.400000
-0.051414 -0.041463 30.400000
0.033089 -0.058805 30.400000
0.117613 -0.076041 30.400000
0.202165 -0.093145 30.400000
0.286731 -0.110175 30.400000
0.371302 -0.127184 30.400000
0.455872 -0.144196 30.400000
0.540437 -0.161235 30.400000
0.624996 -0.178300 30.400000
0.709541 -0.195438 30.400000
0.794069 -0.212654 30.400000
0.878586 -0.229932 30.400000
0.963075 -0.247339 30.400000
1.047544 -0.264848 30.400000
1.131995 -0.282441 30.400000
1.216406 -0.300227 30.400000
1.300790 -0.318136 30.400000
1.385151 -0.336155 30.400000
1.469456 -0.354439 30.400000
1.553726 -0.372877 30.400000
1.637962 -0.391475 30.400000
1.722119 -0.410425 30.400000
1.806230 -0.429577 30.400000
1.890289 -0.448956 30.400000
1.974244 -0.468782 30.400000
2.058140 -0.488856 30.400000
2.141967 -0.509216 30.400000
2.225672 -0.530069 30.400000
2.309307 -0.551205 30.400000
2.392856 -0.572674 30.400000
2.476244 -0.594764 30.400000
2.559530 -0.617233 30.400000
2.642695 -0.640147 30.400000
2.725656 -0.663790 30.400000
2.808516 -0.687780 30.400000
2.891243 -0.712230 30.400000
2.973816 -0.737194 30.400000
3.057387 -0.758213 30.400000
