2.772042 -0.662030 36.100000
2.702435 -0.626893 36.100000
2.631191 -0.595020 36.100000
2.560069 -0.562876 36.100000
2.489053 -0.530499 36.100000
2.418107 -0.497969 36.100000
2.347232 -0.465283 36.100000
2.276352 -0.432610 36.100000
2.205462 -0.399958 36.100000
2.134477 -0.367512 36.100000
2.063404 -0.335260 36.100000
1.992250 -0.303187 36.100000
1.920888 -0.271579 36.100000
1.849376 -0.240316 36.100000
1.777713 -0.209398 36.100000
1.705712 -0.179272 36.100000
1.633519 -0.149617 36.100000
1.561135 -0.120426 36.100000
1.488394 -0.092136 36.100000
1.415413 -0.064477 36.100000
1.342220 -0.037381 36.100000
1.268697 -0.011188 36.100000
1.194937 0.014322 36.100000
1.120991 0.039287 36.100000
1.046774 0.063441 36.100000
0.972297 0.086775 36.100000
0.897635 0.109511 36.100000
0.822725 0.131423 36.100000
0.747531 0.152332 36.100000
0.672151 0.172556 36.100000
0.596547 0.191937 36.100000
0.520639 0.210085 36.100000
0.444550 0.227445 36.100000
0.368271 0.243974 36.100000
0.291678 0.258975 36.100000
0.214918 0.273070 36.100000
0.137990 0.286238 36.100000
0.060803 0.297806 36.100000
-0.016555 0.308121 36.100000
-0.094059 0.317287 36.100000
-0.171740 0.324846 36.100000
-0.249582 0.330449 36.100000
-0.327517 0.334451 36.100000
-0.405528 0.336675 36.100000
-0.483574 0.336014 36.100000
-0.561525 0.332445 36.100000
-0.639245 0.325666 36.100000
-0.716474 0.314711 36.100000
-0.792601 0.297836 36.100000
-0.866060 0.271881 36.100000
-0.923445 0.221428 36.100000
-0.878835 0.166285 36.100000
-0.806201 0.137935 36.100000
-0.731561 0.115195 36.100000
-0.656211 0.094887 36.100000
-0.580498 0.075948 36.100000
-0.504501 0.058170 36.100000
-0.428326 0.041179 36.100000
-0.352058 0.024605 36.100000
-0.275691 0.008490 36.100000
-0.199235 -0.007196 36.100000
-0.122738 -0.022678 36.100000
-0.046191 -0.037915 36.100000
0.030397 -0.052944 36.100000
0.107004 -0.067875 36.100000
0.183634 -0.082687 36.100000
0.260277 -0.097433 36.100000
0.336923 -0.112158 36.100000
0.413570 -0.126887 36.100000
0.490211 -0.141641 36.100000
0.566848 -0.156418 36.100000
0.643472 -0.171260 36.100000
0.720082 -0.186175 36.100000
0.796682 -0.201145 36.100000
0.873258 -0.216232 36.100000
0.949817 -0.231411 36.100000
1.026360 -0.246666 36.100000
1.102868 -0.262096 36.100000
1.179353 -0.277638 36.100000
1.255818 -0.293280 36.100000
1.332234 -0.309162 36.100000
1.408620 -0.325183 36.100000
1.484976 -0.341350 36.100000
1.561264 -0.357835 36.100000
1.637511 -0.374503 36.100000
1.713714 -0.391378 36.100000
1.789825 -0.408658 36.100000
1.865885 -0.426161 36.100000
1.941886 -0.443925 36.100000
2.017780 -0.462136 36.100000
2.093611 -0.480604 36.100000
2.169370 -0.499373 36.100000
2.244986 -0.518705 36.100000
2.320513 -0.538381 36.100000
2.395934 -0.558460 36.100000
2.471176 -0.579201 36.100000
2.546330 -0.600256 36.100000
2.621367 -0.621729 36.100000
2.696268 -0.643668 36.100000
2.772042 -0.662030 36.100000
