3.372052 -1.027080 17.000000
3.287906 -0.979996 17.000000
3.203289 -0.933513 17.000000
3.118479 -0.887385 17.000000
3.033544 -0.841487 17.000000
2.948460 -0.795864 17.000000
2.863221 -0.750534 17.000000
2.777793 -0.705559 17.000000
2.692230 -0.660844 17.000000
2.606513 -0.616421 17.000000
2.520628 -0.572328 17.000000
2.434563 -0.528584 17.000000
2.348127 -0.485580 17.000000
2.261422 -0.443122 17.000000
2.174463 -0.401187 17.000000
2.087127 -0.360041 17.000000
1.999446 -0.319636 17.000000
1.911521 -0.279768 17.000000
1.823191 -0.240800 17.000000
1.734543 -0.202566 17.000000
1.645684 -0.164823 17.000000
1.556384 -0.128133 17.000000
1.466844 -0.092038 17.000000
1.377098 -0.056454 17.000000
1.286946 -0.021910 17.000000
1.196634 0.012208 17.000000
1.106067 0.045647 17.000000
1.015104 0.077988 17.000000
0.923931 0.109736 17.000000
0.832359 0.140315 17.000000
0.740463 0.169898 17.000000
0.648329 0.198737 17.000000
0.555744 0.226099 17.000000
0.462877 0.252471 17.000000
0.369739 0.277884 17.000000
0.276166 0.301649 17.000000
0.182293 0.324168 17.000000
0.088126 0.345446 17.000000
-0.006398 0.365087 17.000000
-0.101306 0.382755 17.000000
-0.196495 0.398833 17.000000
-0.291974 0.413071 17.000000
-0.387772 0.425026 17.000000
-0.483836 0.434638 17.000000
-0.580150 0.441271 17.000000
-0.676621 0.444941 17.000000
-0.773148 0.443999 17.000000
-0.869434 0.437371 17.000000
-0.964944 0.423598 17.000000
-1.057330 0.396082 17.000000
-1.124117 0.334032 17.000000
-1.067203 0.260783 17.000000
-0.983685 0.212532 17.000000
-0.896027 0.172133 17.000000
-0.806609 0.135753 17.000000
-0.716205 0.101891 17.000000
-0.625110 0.069926 17.000000
-0.533426 0.039696 17.000000
-0.441330 0.010735 17.000000
-0.348878 -0.017062 17.000000
-0.256120 -0.043826 17.000000
-0.163155 -0.069865 17.000000
-0.069824 -0.094563 17.000000
0.023665 -0.118650 17.000000
0.117307 -0.142137 17.000000
0.211196 -0.164616 17.000000
0.305234 -0.186467 17.000000
0.399375 -0.207867 17.000000
0.493675 -0.228557 17.000000
0.588051 -0.248900 17.000000
0.682472 -0.269028 17.000000
0.776979 -0.288755 17.000000
0.871484 -0.308489 17.000000
0.965988 -0.328229 17.000000
1.060496 -0.347947 17.000000
1.154976 -0.367798 17.000000
1.249412 -0.387860 17.000000
1.343796 -0.408166 17.000000
1.438132 -0.428692 17.000000
1.532330 -0.449841 17.000000
1.626417 -0.471478 17.000000
1.720418 -0.493487 17.000000
1.814169 -0.516538 17.000000
1.907786 -0.540120 17.000000
2.001278 -0.564202 17.000000
2.094515 -0.589250 17.000000
2.187585 -0.614910 17.000000
2.280483 -0.641186 17.000000
2.373135 -0.668317 17.000000
2.465512 -0.696372 17.000000
2.557629 -0.725261 17.000000
2.649468 -0.755026 17.000000
2.741017 -0.785674 17.000000
2.832217 -0.817347 17.000000
2.923078 -0.849979 17.000000
3.013549 -0.883677 17.000000
3.103635 -0.918389 17.000000
3.193292 -0.954195 17.000000
3.282421 -0.991295 17.000000
3.372052 -1.027080 17.000000
