3.381304 -0.996198 18.900000
3.296731 -0.949886 18.900000
3.211693 -0.904179 18.900000
3.126464 -0.858828 18.900000
3.041113 -0.813709 18.900000
2.955615 -0.768866 18.900000
2.869965 -0.724317 18.900000
2.784129 -0.680126 18.900000
2.698161 -0.636194 18.900000
2.612042 -0.592558 18.900000
2.525757 -0.549252 18.900000
2.439296 -0.506297 18.900000
2.352470 -0.464085 18.900000
2.265380 -0.422422 18.900000
2.178041 -0.381284 18.900000
2.090332 -0.340938 18.900000
2.002286 -0.301337 18.900000
1.913999 -0.262275 18.900000
1.825317 -0.224116 18.900000
1.736323 -0.186695 18.900000
1.647122 -0.149766 18.900000
1.557491 -0.113894 18.900000
1.467624 -0.078619 18.900000
1.377556 -0.043858 18.900000
1.287093 -0.010140 18.900000
1.196472 0.023151 18.900000
1.105603 0.055761 18.900000
1.014348 0.087269 18.900000
0.922889 0.118182 18.900000
0.831041 0.147922 18.900000
0.738879 0.176662 18.900000
0.646484 0.204658 18.900000
0.553653 0.231172 18.900000
0.460549 0.256694 18.900000
0.367182 0.281253 18.900000
0.273396 0.304162 18.900000
0.179320 0.325822 18.900000
0.084963 0.346237 18.900000
-0.009737 0.365013 18.900000
-0.104803 0.381813 18.900000
-0.200134 0.397019 18.900000
-0.295740 0.410383 18.900000
-0.391643 0.421462 18.900000
-0.487791 0.430195 18.900000
-0.584161 0.435947 18.900000
-0.680662 0.438734 18.900000
-0.777176 0.436910 18.900000
-0.873397 0.429401 18.900000
-0.968778 0.414756 18.900000
-1.060908 0.386396 18.900000
-1.127125 0.323737 18.900000
-1.069543 0.251013 18.900000
-0.985587 0.203527 18.900000
-0.897564 0.163931 18.900000
-0.807817 0.128371 18.900000
-0.717107 0.095337 18.900000
-0.625723 0.064206 18.900000
-0.533766 0.034816 18.900000
-0.441410 0.006699 18.900000
-0.348708 -0.020252 18.900000
-0.255709 -0.046166 18.900000
-0.162509 -0.071354 18.900000
-0.068957 -0.095198 18.900000
0.024749 -0.118428 18.900000
0.118601 -0.141058 18.900000
0.212693 -0.162678 18.900000
0.306926 -0.183668 18.900000
0.401259 -0.204206 18.900000
0.495745 -0.224032 18.900000
0.590302 -0.243511 18.900000
0.684904 -0.262776 18.900000
0.779587 -0.281637 18.900000
0.874269 -0.300506 18.900000
0.968949 -0.319381 18.900000
1.063634 -0.338234 18.900000
1.158292 -0.357220 18.900000
1.252907 -0.376417 18.900000
1.347472 -0.395860 18.900000
1.441992 -0.415521 18.900000
1.536380 -0.435808 18.900000
1.630661 -0.456584 18.900000
1.724859 -0.477732 18.900000
1.818817 -0.499925 18.900000
1.912646 -0.522650 18.900000
2.006354 -0.545876 18.900000
2.099817 -0.570070 18.900000
2.193117 -0.594878 18.900000
2.286251 -0.620303 18.900000
2.379148 -0.646586 18.900000
2.471777 -0.673795 18.900000
2.564155 -0.701840 18.900000
2.656263 -0.730764 18.900000
2.748088 -0.760573 18.900000
2.839573 -0.791411 18.900000
2.930729 -0.823210 18.900000
3.021504 -0.856080 18.900000
3.111904 -0.889967 18.900000
3.201885 -0.924951 18.900000
3.291350 -0.961234 18.900000
3.381304 -0.996198 18.900000
