3.353310 -1.086710 13.200000
3.270012 -1.038142 13.200000
3.186233 -0.990166 13.200000
3.102254 -0.942541 13.200000
3.018146 -0.895144 13.200000
2.933885 -0.848020 13.200000
2.849463 -0.801185 13.200000
2.764846 -0.754703 13.200000
2.680089 -0.708477 13.200000
2.595174 -0.662542 13.200000
2.510083 -0.616933 13.200000
2.424808 -0.571670 13.200000
2.339148 -0.527139 13.200000
2.253209 -0.483151 13.200000
2.167007 -0.439681 13.200000
2.080414 -0.396992 13.200000
1.993464 -0.355040 13.200000
1.906259 -0.313619 13.200000
1.818635 -0.273090 13.200000
1.730678 -0.233291 13.200000
1.642502 -0.193978 13.200000
1.553867 -0.155710 13.200000
1.464981 -0.118033 13.200000
1.375880 -0.080863 13.200000
1.286355 -0.044727 13.200000
1.196662 -0.009012 13.200000
1.106702 0.026028 13.200000
1.016327 0.059977 13.200000
0.925732 0.093336 13.200000
0.834716 0.125534 13.200000
0.743359 0.156741 13.200000
0.651751 0.187210 13.200000
0.559666 0.216210 13.200000
0.467281 0.244224 13.200000
0.374608 0.271284 13.200000
0.281472 0.296704 13.200000
0.188012 0.320885 13.200000
0.094238 0.343829 13.200000
0.000076 0.365143 13.200000
-0.094504 0.384491 13.200000
-0.189392 0.402254 13.200000
-0.284604 0.418183 13.200000
-0.380175 0.431835 13.200000
-0.476053 0.443149 13.200000
-0.572234 0.451489 13.200000
-0.668625 0.456869 13.200000
-0.765154 0.457639 13.200000
-0.861542 0.452718 13.200000
-0.957281 0.440642 13.200000
-1.050141 0.414768 13.200000
-1.118017 0.353912 13.200000
-1.062411 0.279666 13.200000
-0.979762 0.229941 13.200000
-0.892834 0.187994 13.200000
-0.804075 0.150034 13.200000
-0.714286 0.114574 13.200000
-0.623772 0.080999 13.200000
-0.532638 0.049148 13.200000
-0.441071 0.018559 13.200000
-0.349126 -0.010873 13.200000
-0.256857 -0.039278 13.200000
-0.164368 -0.066961 13.200000
-0.071490 -0.093310 13.200000
0.021558 -0.119051 13.200000
0.114768 -0.144195 13.200000
0.208244 -0.168335 13.200000
0.301879 -0.191850 13.200000
0.395626 -0.214916 13.200000
0.489545 -0.237274 13.200000
0.583545 -0.259288 13.200000
0.677595 -0.281087 13.200000
0.771736 -0.302487 13.200000
0.865877 -0.323894 13.200000
0.960016 -0.345306 13.200000
1.054160 -0.366697 13.200000
1.148273 -0.388219 13.200000
1.242338 -0.409953 13.200000
1.336347 -0.431930 13.200000
1.430304 -0.454125 13.200000
1.524113 -0.476940 13.200000
1.617801 -0.500242 13.200000
1.711397 -0.523915 13.200000
1.804724 -0.548625 13.200000
1.897909 -0.573863 13.200000
1.990959 -0.599599 13.200000
2.083738 -0.626297 13.200000
2.176337 -0.653603 13.200000
2.268755 -0.681522 13.200000
2.360912 -0.710292 13.200000
2.452776 -0.739980 13.200000
2.544367 -0.770498 13.200000
2.635664 -0.801886 13.200000
2.726655 -0.834153 13.200000
2.817279 -0.867438 13.200000
2.907547 -0.901676 13.200000
2.997406 -0.936973 13.200000
3.086862 -0.973278 13.200000
3.175870 -1.010667 13.200000
3.264328 -1.049342 13.200000
3.353310 -1.086710 13.200000
