3.344613 -1.113188 11.300000
3.261702 -1.063963 11.300000
3.178305 -1.015326 11.300000
3.094705 -0.967039 11.300000
3.010974 -0.918979 11.300000
2.927088 -0.871190 11.300000
2.843039 -0.823689 11.300000
2.758792 -0.776539 11.300000
2.674403 -0.729645 11.300000
2.589854 -0.683040 11.300000
2.505127 -0.636759 11.300000
2.420212 -0.590823 11.300000
2.334907 -0.545617 11.300000
2.249319 -0.500951 11.300000
2.163463 -0.456800 11.300000
2.077211 -0.413428 11.300000
1.990595 -0.370789 11.300000
1.903720 -0.328680 11.300000
1.816419 -0.287460 11.300000
1.728780 -0.246967 11.300000
1.640918 -0.206958 11.300000
1.552588 -0.167991 11.300000
1.464002 -0.129612 11.300000
1.375198 -0.091739 11.300000
1.285961 -0.054895 11.300000
1.196554 -0.018473 11.300000
1.106873 0.017277 11.300000
1.016769 0.051940 11.300000
0.926441 0.086014 11.300000
0.835682 0.118931 11.300000
0.744575 0.150859 11.300000
0.653210 0.182051 11.300000
0.561358 0.211778 11.300000
0.469198 0.240522 11.300000
0.376741 0.268314 11.300000
0.283809 0.294470 11.300000
0.190543 0.319389 11.300000
0.096953 0.343073 11.300000
0.002963 0.365131 11.300000
-0.091461 0.385226 11.300000
-0.186206 0.403739 11.300000
-0.281289 0.420420 11.300000
-0.376749 0.434827 11.300000
-0.472534 0.446899 11.300000
-0.568647 0.455999 11.300000
-0.664992 0.462141 11.300000
-0.761512 0.463674 11.300000
-0.857935 0.459516 11.300000
-0.953768 0.448197 11.300000
-1.046829 0.423058 11.300000
-1.115184 0.362740 11.300000
-1.060167 0.288057 11.300000
-0.977913 0.237680 11.300000
-0.891320 0.195047 11.300000
-0.802864 0.156387 11.300000
-0.713357 0.120218 11.300000
-0.623112 0.085928 11.300000
-0.532233 0.053358 11.300000
-0.440910 0.022046 11.300000
-0.349201 -0.008112 11.300000
-0.257159 -0.037246 11.300000
-0.164892 -0.065660 11.300000
-0.072226 -0.092742 11.300000
0.020616 -0.119217 11.300000
0.113624 -0.145098 11.300000
0.206907 -0.169976 11.300000
0.300353 -0.194231 11.300000
0.393915 -0.218037 11.300000
0.487654 -0.241138 11.300000
0.581477 -0.263893 11.300000
0.675351 -0.286436 11.300000
0.769321 -0.308579 11.300000
0.863289 -0.330729 11.300000
0.957256 -0.352885 11.300000
1.051227 -0.375020 11.300000
1.145168 -0.397286 11.300000
1.239058 -0.419762 11.300000
1.332890 -0.442482 11.300000
1.426669 -0.465419 11.300000
1.520294 -0.488976 11.300000
1.613796 -0.513018 11.300000
1.707201 -0.537429 11.300000
1.800330 -0.562877 11.300000
1.893313 -0.588851 11.300000
1.986156 -0.615322 11.300000
2.078721 -0.642752 11.300000
2.171102 -0.670789 11.300000
2.263296 -0.699438 11.300000
2.355222 -0.728936 11.300000
2.446849 -0.759349 11.300000
2.538196 -0.790590 11.300000
2.629242 -0.822700 11.300000
2.719975 -0.855684 11.300000
2.810332 -0.889685 11.300000
2.900327 -0.924635 11.300000
2.989904 -0.960642 11.300000
3.079071 -0.997653 11.300000
3.167781 -1.035744 11.300000
3.255929 -1.075117 11.300000
3.344613 -1.113188 11.300000
