3.253556 -0.897217 22.800000
3.171821 -0.854295 22.800000
3.089651 -0.811958 22.800000
3.007304 -0.769967 22.800000
2.924844 -0.728199 22.800000
2.842249 -0.686698 22.800000
2.759512 -0.645481 22.800000
2.676604 -0.604610 22.800000
2.593573 -0.563989 22.800000
2.510403 -0.523654 22.800000
2.427079 -0.483637 22.800000
2.343593 -0.443959 22.800000
2.259769 -0.404999 22.800000
2.175703 -0.366569 22.800000
2.091406 -0.328645 22.800000
2.006769 -0.291487 22.800000
1.921821 -0.255046 22.800000
1.836652 -0.219126 22.800000
1.751120 -0.184076 22.800000
1.665301 -0.149739 22.800000
1.579292 -0.115876 22.800000
1.492889 -0.083032 22.800000
1.406271 -0.050763 22.800000
1.319468 -0.018989 22.800000
1.232305 0.011779 22.800000
1.144998 0.042135 22.800000
1.057464 0.071836 22.800000
0.969580 0.100475 22.800000
0.881510 0.128541 22.800000
0.793087 0.155478 22.800000
0.704380 0.181453 22.800000
0.615464 0.206711 22.800000
0.526154 0.230544 22.800000
0.436599 0.253421 22.800000
0.346809 0.275374 22.800000
0.256645 0.295738 22.800000
0.166225 0.314903 22.800000
0.075556 0.332872 22.800000
-0.015414 0.349265 22.800000
-0.106701 0.363760 22.800000
-0.198216 0.376726 22.800000
-0.289963 0.387924 22.800000
-0.381956 0.396928 22.800000
-0.474144 0.403683 22.800000
-0.566496 0.407581 22.800000
-0.658922 0.408639 22.800000
-0.751285 0.405281 22.800000
-0.843272 0.396486 22.800000
-0.934336 0.380874 22.800000
-1.022059 0.352188 22.800000
-1.084402 0.291099 22.800000
-1.028065 0.222441 22.800000
-0.946902 0.178384 22.800000
-0.861975 0.141948 22.800000
-0.775467 0.109405 22.800000
-0.688079 0.079295 22.800000
-0.600078 0.051019 22.800000
-0.511556 0.024419 22.800000
-0.422674 -0.000956 22.800000
-0.333480 -0.025208 22.800000
-0.244019 -0.048464 22.800000
-0.154379 -0.071020 22.800000
-0.064423 -0.092284 22.800000
0.025669 -0.112958 22.800000
0.115892 -0.133056 22.800000
0.206327 -0.152181 22.800000
0.296887 -0.170702 22.800000
0.387535 -0.188788 22.800000
0.478317 -0.206191 22.800000
0.569162 -0.223260 22.800000
0.660046 -0.240122 22.800000
0.751001 -0.256598 22.800000
0.841955 -0.273081 22.800000
0.932908 -0.289569 22.800000
1.023864 -0.306036 22.800000
1.114797 -0.322631 22.800000
1.205693 -0.339430 22.800000
1.296545 -0.356464 22.800000
1.387357 -0.373708 22.800000
1.478054 -0.391553 22.800000
1.568655 -0.409867 22.800000
1.659184 -0.428541 22.800000
1.749501 -0.448218 22.800000
1.839703 -0.468406 22.800000
1.929797 -0.489076 22.800000
2.019673 -0.510677 22.800000
2.109404 -0.532868 22.800000
2.198986 -0.555653 22.800000
2.288355 -0.579263 22.800000
2.377483 -0.603763 22.800000
2.466385 -0.629069 22.800000
2.555042 -0.655220 22.800000
2.643444 -0.682224 22.800000
2.731538 -0.710217 22.800000
2.819333 -0.739138 22.800000
2.906780 -0.769088 22.800000
2.993886 -0.800019 22.800000
3.080609 -0.832007 22.800000
3.166859 -0.865248 22.800000
3.253556 -0.897217 22.800000
