2.882947 0.829831 26.700000
2.865532 0.828440 26.700000
2.813640 0.824200 26.700000
2.728182 0.817126 26.700000
2.610593 0.807296 26.700000
2.463043 0.794545 26.700000
2.288193 0.778306 26.700000
2.089461 0.757690 26.700000
1.870592 0.731694 26.700000
1.635725 0.699387 26.700000
1.389217 0.660233 26.700000
1.135470 0.614125 26.700000
0.879083 0.561138 26.700000
0.624544 0.501732 26.700000
0.376352 0.436327 26.700000
0.256043 0.401531 26.700000
0.138972 0.365461 26.700000
0.025651 0.328222 26.700000
-0.083459 0.289948 26.700000
-0.187881 0.250858 26.700000
-0.287137 0.211175 26.700000
-0.380853 0.171046 26.700000
-0.468663 0.130786 26.700000
-0.550215 0.090621 26.700000
-0.625180 0.050853 26.700000
-0.693239 0.011824 26.700000
-0.754197 -0.026284 26.700000
-0.807755 -0.063345 26.700000
-0.853596 -0.099308 26.700000
-0.891499 -0.134360 26.700000
-0.921273 -0.168155 26.700000
-0.943017 -0.200054 26.700000
-0.956955 -0.228707 26.700000
-0.963386 -0.252786 26.700000
-0.962553 -0.271152 26.700000
-0.954479 -0.283729 26.700000
-0.938965 -0.291210 26.700000
-0.915733 -0.294845 26.700000
-0.884517 -0.295850 26.700000
-0.845338 -0.294729 26.700000
-0.798285 -0.291466 26.700000
-0.743769 -0.285639 26.700000
-0.682090 -0.276793 26.700000
-0.613653 -0.264670 26.700000
-0.538767 -0.249358 26.700000
-0.457683 -0.230847 26.700000
-0.370776 -0.209286 26.700000
-0.278474 -0.184633 26.700000
-0.181173 -0.156958 26.700000
-0.079350 -0.126193 26.700000
0.026577 -0.092331 26.700000
0.136085 -0.055441 26.700000
0.248676 -0.015665 26.700000
0.363921 0.026748 26.700000
0.481431 0.071269 26.700000
0.721513 0.164850 26.700000
0.965452 0.261081 26.700000
1.209713 0.356197 26.700000
1.450658 0.446779 26.700000
1.684519 0.529870 26.700000
1.907525 0.603384 26.700000
2.115872 0.665935 26.700000
2.305830 0.717033 26.700000
2.473842 0.757028 26.700000
2.616502 0.786769 26.700000
2.730960 0.807478 26.700000
2.814680 0.820587 26.700000
2.865764 0.827632 26.700000
2.882947 0.829831 26.700000
