2.550425 0.621255 38.000000
2.546472 0.621661 38.000000
2.535241 0.620294 38.000000
2.516072 0.620164 38.000000
2.489390 0.619824 38.000000
2.455453 0.618798 38.000000
2.414248 0.617443 38.000000
2.366030 0.615748 38.000000
2.310958 0.613644 38.000000
2.249305 0.611199 38.000000
2.181393 0.608273 38.000000
2.107443 0.604849 38.000000
2.027843 0.600805 38.000000
1.942935 0.596225 38.000000
1.853117 0.590953 38.000000
1.758810 0.584876 38.000000
1.660457 0.577669 38.000000
1.558564 0.569168 38.000000
1.453632 0.559242 38.000000
1.346119 0.547786 38.000000
1.236524 0.534671 38.000000
1.125333 0.519978 38.000000
1.013002 0.503603 38.000000
0.900068 0.485712 38.000000
0.786981 0.466378 38.000000
0.674208 0.445753 38.000000
0.562351 0.423441 38.000000
0.451834 0.399618 38.000000
0.343269 0.374145 38.000000
0.237012 0.347326 38.000000
0.133616 0.318969 38.000000
0.033439 0.289524 38.000000
-0.063028 0.258749 38.000000
-0.155434 0.227126 38.000000
-0.243279 0.194525 38.000000
-0.326331 0.161470 38.000000
-0.404157 0.127815 38.000000
-0.476550 0.094186 38.000000
-0.543161 0.060633 38.000000
-0.603750 0.027647 38.000000
-0.658056 -0.004962 38.000000
-0.705888 -0.036787 38.000000
-0.747032 -0.067522 38.000000
-0.781453 -0.096728 38.000000
-0.808937 -0.124245 38.000000
-0.829548 -0.149510 38.000000
-0.843415 -0.171404 38.000000
-0.850496 -0.189808 38.000000
-0.850142 -0.207085 38.000000
-0.843463 -0.218679 38.000000
-0.829656 -0.227888 38.000000
-0.808823 -0.234593 38.000000
-0.781229 -0.237994 38.000000
-0.746829 -0.238872 38.000000
-0.705806 -0.236769 38.000000
-0.658283 -0.232217 38.000000
-0.604479 -0.224911 38.000000
-0.544599 -0.215188 38.000000
-0.478948 -0.202978 38.000000
-0.407714 -0.188401 38.000000
-0.331321 -0.171197 38.000000
-0.250032 -0.151756 38.000000
-0.164289 -0.129753 38.000000
-0.074365 -0.105687 38.000000
0.019267 -0.079097 38.000000
0.116273 -0.050533 38.000000
0.216110 -0.019693 38.000000
0.318463 0.012948 38.000000
0.422864 0.047385 38.000000
0.528961 0.082991 38.000000
0.636355 0.119634 38.000000
0.744650 0.156568 38.000000
0.853405 0.193687 38.000000
0.962260 0.230397 38.000000
1.070737 0.266583 38.000000
1.178537 0.301560 38.000000
1.285123 0.335160 38.000000
1.390178 0.366910 38.000000
1.493185 0.396865 38.000000
1.593702 0.424916 38.000000
1.691312 0.450998 38.000000
1.785566 0.475038 38.000000
1.876012 0.496962 38.000000
1.962310 0.516686 38.000000
2.044021 0.534392 38.000000
2.120796 0.550032 38.000000
2.192228 0.563794 38.000000
2.257953 0.575697 38.000000
2.317709 0.585930 38.000000
2.371198 0.594528 38.000000
2.418100 0.601630 38.000000
2.458253 0.607304 38.000000
2.491344 0.611799 38.000000
2.517182 0.615607 38.000000
2.535738 0.618254 38.000000
2.546720 0.620641 38.000000
2.550425 0.621255 38.000000
