3.009443 1.159257 10.500000
2.988775 1.161714 10.500000
2.928360 1.165910 10.500000
2.831343 1.166319 10.500000
2.700740 1.159293 10.500000
2.538982 1.144625 10.500000
2.348275 1.123763 10.500000
2.131750 1.097671 10.500000
1.893389 1.065945 10.500000
1.638052 1.027087 10.500000
1.371128 0.979193 10.500000
1.098092 0.920609 10.500000
0.824431 0.850371 10.500000
0.555320 0.768319 10.500000
0.295620 0.675115 10.500000
0.170749 0.624737 10.500000
0.049924 0.572112 10.500000
-0.066353 0.517488 10.500000
-0.177627 0.461123 10.500000
-0.283426 0.403342 10.500000
-0.383284 0.344495 10.500000
-0.476855 0.284876 10.500000
-0.563753 0.224801 10.500000
-0.643676 0.164684 10.500000
-0.716394 0.105122 10.500000
-0.781733 0.046858 10.500000
-0.839630 -0.009552 10.500000
-0.889803 -0.063882 10.500000
-0.931787 -0.116384 10.500000
-0.965170 -0.167646 10.500000
-0.989620 -0.217698 10.500000
-1.005334 -0.265785 10.500000
-1.012901 -0.309900 10.500000
-1.013175 -0.347588 10.500000
-1.006874 -0.376745 10.500000
-0.994282 -0.396634 10.500000
-0.975122 -0.407976 10.500000
-0.948889 -0.412317 10.500000
-0.915064 -0.411245 10.500000
-0.873456 -0.405737 10.500000
-0.824053 -0.396061 10.500000
-0.767214 -0.382124 10.500000
-0.703156 -0.363840 10.500000
-0.632192 -0.341352 10.500000
-0.554582 -0.314945 10.500000
-0.470516 -0.284843 10.500000
-0.380389 -0.251213 10.500000
-0.284646 -0.214101 10.500000
-0.183741 -0.173523 10.500000
-0.078174 -0.129494 10.500000
0.031580 -0.081981 10.500000
0.144921 -0.030981 10.500000
0.261272 0.023450 10.500000
0.380160 0.081103 10.500000
0.501153 0.141548 10.500000
0.747793 0.268655 10.500000
0.997879 0.400098 10.500000
1.248132 0.531103 10.500000
1.495206 0.657086 10.500000
1.735566 0.773940 10.500000
1.965658 0.878333 10.500000
2.181867 0.967567 10.500000
2.380672 1.039659 10.500000
2.558649 1.093568 10.500000
2.712187 1.129576 10.500000
2.837734 1.149727 10.500000
2.931439 1.157917 10.500000
2.989648 1.159446 10.500000
3.009443 1.159257 10.500000
