2.562131 0.571061 36.400000
2.558186 0.571544 36.400000
2.546931 0.570398 36.400000
2.527763 0.570644 36.400000
2.501079 0.570829 36.400000
2.467129 0.570470 36.400000
2.425906 0.569923 36.400000
2.377663 0.569175 36.400000
2.322561 0.568154 36.400000
2.260872 0.566919 36.400000
2.192915 0.565327 36.400000
2.118912 0.563356 36.400000
2.039249 0.560876 36.400000
1.954267 0.557963 36.400000
1.864362 0.554456 36.400000
1.769954 0.550232 36.400000
1.671478 0.544957 36.400000
1.569438 0.538458 36.400000
1.464332 0.530594 36.400000
1.356614 0.521252 36.400000
1.246783 0.510291 36.400000
1.135325 0.497784 36.400000
1.022694 0.483617 36.400000
0.909431 0.467946 36.400000
0.795986 0.450837 36.400000
0.682830 0.432429 36.400000
0.570556 0.412318 36.400000
0.459593 0.390670 36.400000
0.350548 0.367333 36.400000
0.243786 0.342605 36.400000
0.139853 0.316285 36.400000
0.039117 0.288812 36.400000
-0.057936 0.259937 36.400000
-0.150945 0.230134 36.400000
-0.239413 0.199264 36.400000
-0.323098 0.167846 36.400000
-0.401569 0.135725 36.400000
-0.474608 0.103525 36.400000
-0.541866 0.071286 36.400000
-0.603091 0.039495 36.400000
-0.658026 0.007959 36.400000
-0.706474 -0.022920 36.400000
-0.748214 -0.052842 36.400000
-0.783202 -0.081367 36.400000
-0.811220 -0.108338 36.400000
-0.832323 -0.133194 36.400000
-0.846618 -0.154812 36.400000
-0.854058 -0.173073 36.400000
-0.854044 -0.190354 36.400000
-0.847594 -0.202076 36.400000
-0.833971 -0.211555 36.400000
-0.813273 -0.218667 36.400000
-0.785751 -0.222609 36.400000
-0.751375 -0.224163 36.400000
-0.710319 -0.222865 36.400000
-0.662715 -0.219248 36.400000
-0.608778 -0.212999 36.400000
-0.548719 -0.204454 36.400000
-0.482841 -0.193536 36.400000
-0.411335 -0.180359 36.400000
-0.334618 -0.164659 36.400000
-0.252964 -0.146818 36.400000
-0.166805 -0.126503 36.400000
-0.076425 -0.104207 36.400000
0.017711 -0.079460 36.400000
0.115258 -0.052806 36.400000
0.215682 -0.023932 36.400000
0.318656 0.006693 36.400000
0.423713 0.039073 36.400000
0.530489 0.072590 36.400000
0.638581 0.107117 36.400000
0.747581 0.141918 36.400000
0.857044 0.176894 36.400000
0.966598 0.211460 36.400000
1.075765 0.245509 36.400000
1.184231 0.278363 36.400000
1.291456 0.309864 36.400000
1.397114 0.339545 36.400000
1.500689 0.367472 36.400000
1.601738 0.393544 36.400000
1.699841 0.417705 36.400000
1.794548 0.439889 36.400000
1.885407 0.460033 36.400000
1.972076 0.478059 36.400000
2.054119 0.494158 36.400000
2.131186 0.508287 36.400000
2.202875 0.520643 36.400000
2.268821 0.531254 36.400000
2.328766 0.540312 36.400000
2.382414 0.547858 36.400000
2.429446 0.554038 36.400000
2.469703 0.558923 36.400000
2.502876 0.562767 36.400000
2.528784 0.566067 36.400000
2.547388 0.568349 36.400000
2.558415 0.570520 36.400000
2.562131 0.571061 36.400000
