3.118184 1.291339 16.900000
3.098891 1.287587 16.900000
3.041416 1.276302 16.900000
2.946775 1.257613 16.900000
2.816561 1.231791 16.900000
2.653223 1.198924 16.900000
2.459805 1.158714 16.900000
2.240242 1.110599 16.900000
1.998847 1.053929 16.900000
1.740362 0.988185 16.900000
1.469729 0.913319 16.900000
1.191880 0.829766 16.900000
0.911948 0.738190 16.900000
0.634891 0.639671 16.900000
0.365686 0.535247 16.900000
0.235581 0.481172 16.900000
0.109257 0.426081 16.900000
-0.012727 0.370157 16.900000
-0.129874 0.313606 16.900000
-0.241677 0.256736 16.900000
-0.347630 0.199853 16.900000
-0.447334 0.143171 16.900000
-0.540419 0.087087 16.900000
-0.626519 0.031899 16.900000
-0.705307 -0.022014 16.900000
-0.776468 -0.074230 16.900000
-0.839805 -0.124521 16.900000
-0.895003 -0.172707 16.900000
-0.941712 -0.218693 16.900000
-0.979663 -0.262659 16.900000
-1.008684 -0.304194 16.900000
-1.028969 -0.342597 16.900000
-1.040936 -0.376387 16.900000
-1.045087 -0.404116 16.900000
-1.041839 -0.424543 16.900000
-1.031227 -0.437584 16.900000
-1.012940 -0.443990 16.900000
-0.986510 -0.445123 16.900000
-0.951487 -0.442309 16.900000
-0.907830 -0.436113 16.900000
-0.855640 -0.426530 16.900000
-0.795432 -0.413140 16.900000
-0.727596 -0.395470 16.900000
-0.652620 -0.373284 16.900000
-0.570835 -0.346721 16.900000
-0.482527 -0.315799 16.900000
-0.388092 -0.280734 16.900000
-0.288017 -0.241530 16.900000
-0.182735 -0.198318 16.900000
-0.072787 -0.151081 16.900000
0.041357 -0.099865 16.900000
0.159124 -0.044811 16.900000
0.279972 0.013857 16.900000
0.403455 0.075808 16.900000
0.529204 0.140402 16.900000
0.785788 0.275301 16.900000
1.046351 0.413650 16.900000
1.307412 0.550793 16.900000
1.565340 0.682449 16.900000
1.816293 0.804836 16.900000
2.056320 0.915149 16.900000
2.281341 1.011357 16.900000
2.487250 1.092442 16.900000
2.670027 1.158346 16.900000
2.825755 1.209590 16.900000
2.951096 1.247178 16.900000
3.043034 1.272394 16.900000
3.099253 1.286714 16.900000
3.118184 1.291339 16.900000
