2.930915 0.930248 7.200000
2.911385 0.933775 7.200000
2.854127 0.941243 7.200000
2.761814 0.947212 7.200000
2.637108 0.948036 7.200000
2.482311 0.943379 7.200000
2.299605 0.934492 7.200000
2.092027 0.922111 7.200000
1.863341 0.905625 7.200000
1.618089 0.883325 7.200000
1.361289 0.853094 7.200000
1.098057 0.813039 7.200000
0.833560 0.761928 7.200000
0.572714 0.699312 7.200000
0.320184 0.625540 7.200000
0.198440 0.584775 7.200000
0.080418 0.541638 7.200000
-0.033390 0.496337 7.200000
-0.142538 0.449090 7.200000
-0.246555 0.400182 7.200000
-0.344979 0.349917 7.200000
-0.437464 0.298556 7.200000
-0.523624 0.246377 7.200000
-0.603149 0.193757 7.200000
-0.675784 0.141251 7.200000
-0.741321 0.089556 7.200000
-0.799669 0.039197 7.200000
-0.850546 -0.009626 7.200000
-0.893524 -0.057180 7.200000
-0.928245 -0.104049 7.200000
-0.954393 -0.150280 7.200000
-0.972115 -0.195143 7.200000
-0.981854 -0.236695 7.200000
-0.984282 -0.272549 7.200000
-0.979962 -0.300661 7.200000
-0.969121 -0.320315 7.200000
-0.951538 -0.332211 7.200000
-0.926820 -0.337852 7.200000
-0.894566 -0.338777 7.200000
-0.854648 -0.335928 7.200000
-0.807073 -0.329560 7.200000
-0.752174 -0.319564 7.200000
-0.690155 -0.305846 7.200000
-0.621322 -0.288524 7.200000
-0.545938 -0.267854 7.200000
-0.464196 -0.244040 7.200000
-0.376484 -0.217216 7.200000
-0.283226 -0.187401 7.200000
-0.184855 -0.154583 7.200000
-0.081850 -0.118750 7.200000
0.025341 -0.079842 7.200000
0.136147 -0.037821 7.200000
0.250015 0.007293 7.200000
0.366483 0.055327 7.200000
0.485114 0.105897 7.200000
0.727165 0.212686 7.200000
0.972743 0.323405 7.200000
1.218457 0.433697 7.200000
1.460855 0.539392 7.200000
1.696339 0.636785 7.200000
1.921334 0.722907 7.200000
2.132244 0.795402 7.200000
2.325602 0.852582 7.200000
2.498093 0.893655 7.200000
2.646294 0.919094 7.200000
2.766942 0.931053 7.200000
2.856598 0.933459 7.200000
2.912086 0.931567 7.200000
2.930915 0.930248 7.200000
