3.030951 1.101798 21.800000
3.012377 1.099027 21.800000
2.957034 1.090667 21.800000
2.865902 1.076801 21.800000
2.740512 1.057620 21.800000
2.583203 1.033103 21.800000
2.396872 1.002840 21.800000
2.185250 0.966129 21.800000
1.952425 0.922168 21.800000
1.702907 0.870263 21.800000
1.441408 0.810159 21.800000
1.172655 0.742066 21.800000
0.901577 0.666401 21.800000
0.632952 0.583987 21.800000
0.371574 0.495606 21.800000
0.245101 0.449448 21.800000
0.122195 0.402162 21.800000
0.003396 0.353898 21.800000
-0.110812 0.304833 21.800000
-0.219931 0.255238 21.800000
-0.323465 0.205385 21.800000
-0.421027 0.155462 21.800000
-0.512244 0.105833 21.800000
-0.596756 0.056764 21.800000
-0.674233 0.008606 21.800000
-0.744358 -0.038252 21.800000
-0.806934 -0.083602 21.800000
-0.861652 -0.127284 21.800000
-0.908173 -0.169222 21.800000
-0.946249 -0.209600 21.800000
-0.975698 -0.248031 21.800000
-0.996675 -0.283841 21.800000
-1.009518 -0.315595 21.800000
-1.014646 -0.341891 21.800000
-1.012403 -0.361528 21.800000
-1.002820 -0.374423 21.800000
-0.985631 -0.381306 21.800000
-0.960448 -0.383498 21.800000
-0.926895 -0.382282 21.800000
-0.884959 -0.378201 21.800000
-0.834735 -0.371245 21.800000
-0.776696 -0.360991 21.800000
-0.711195 -0.346971 21.800000
-0.638689 -0.328941 21.800000
-0.559499 -0.307017 21.800000
-0.473898 -0.281207 21.800000
-0.382276 -0.251698 21.800000
-0.285094 -0.218476 21.800000
-0.182773 -0.181647 21.800000
-0.075830 -0.141170 21.800000
0.035287 -0.097071 21.800000
0.150023 -0.049461 21.800000
0.267852 0.001470 21.800000
0.388335 0.055425 21.800000
0.511091 0.111807 21.800000
0.761701 0.229810 21.800000
1.016252 0.350939 21.800000
1.271230 0.470896 21.800000
1.522985 0.585747 21.800000
1.767693 0.692043 21.800000
2.001463 0.787271 21.800000
2.220316 0.869664 21.800000
2.420289 0.938423 21.800000
2.597541 0.993660 21.800000
2.748357 1.036039 21.800000
2.869590 1.066658 21.800000
2.958415 1.086869 21.800000
3.012685 1.098178 21.800000
3.030951 1.101798 21.800000
