3.112588 1.304769 15.300000
3.093312 1.300934 15.300000
3.035885 1.289401 15.300000
2.941326 1.270305 15.300000
2.811225 1.243922 15.300000
2.648030 1.210351 15.300000
2.454787 1.169307 15.300000
2.235434 1.120246 15.300000
1.994285 1.062536 15.300000
1.736086 0.995679 15.300000
1.465778 0.919646 15.300000
1.188292 0.834896 15.300000
0.908757 0.742115 15.300000
0.632127 0.642402 15.300000
0.363375 0.536819 15.300000
0.233504 0.482183 15.300000
0.107419 0.426548 15.300000
-0.014323 0.370099 15.300000
-0.131225 0.313043 15.300000
-0.242782 0.255692 15.300000
-0.348488 0.198352 15.300000
-0.447947 0.141241 15.300000
-0.540789 0.084757 15.300000
-0.626651 0.029198 15.300000
-0.705205 -0.025054 15.300000
-0.776140 -0.077576 15.300000
-0.839260 -0.128140 15.300000
-0.894250 -0.176564 15.300000
-0.940761 -0.222751 15.300000
-0.978521 -0.266880 15.300000
-1.007363 -0.308539 15.300000
-1.027482 -0.347030 15.300000
-1.039303 -0.380871 15.300000
-1.043335 -0.408617 15.300000
-1.040000 -0.429030 15.300000
-1.029331 -0.442026 15.300000
-1.011016 -0.448352 15.300000
-0.984582 -0.449372 15.300000
-0.949571 -0.446406 15.300000
-0.905941 -0.440023 15.300000
-0.853794 -0.430215 15.300000
-0.793644 -0.416565 15.300000
-0.725885 -0.398603 15.300000
-0.651004 -0.376094 15.300000
-0.569335 -0.349178 15.300000
-0.481161 -0.317876 15.300000
-0.386879 -0.282404 15.300000
-0.286974 -0.242769 15.300000
-0.181878 -0.199104 15.300000
-0.072135 -0.151393 15.300000
0.041787 -0.099686 15.300000
0.159316 -0.044125 15.300000
0.279910 0.015064 15.300000
0.403124 0.077547 15.300000
0.528593 0.142682 15.300000
0.784594 0.278686 15.300000
1.044558 0.418157 15.300000
1.305026 0.556424 15.300000
1.562383 0.689190 15.300000
1.812807 0.812659 15.300000
2.052355 0.924005 15.300000
2.276960 1.021183 15.300000
2.482518 1.103154 15.300000
2.665009 1.169845 15.300000
2.820515 1.221760 15.300000
2.945692 1.259888 15.300000
3.037520 1.285500 15.300000
3.093677 1.300062 15.300000
3.112588 1.304769 15.300000
