3.058281 1.239725 12.100000
3.037091 1.241870 12.100000
2.975206 1.245086 12.100000
2.875940 1.243774 12.100000
2.742445 1.234255 12.100000
2.577212 1.216362 12.100000
2.382472 1.191617 12.100000
2.161412 1.161059 12.100000
1.918109 1.124348 12.100000
1.657568 1.080036 12.100000
1.385332 1.026274 12.100000
1.107034 0.961466 12.100000
0.828304 0.884723 12.100000
0.554441 0.795974 12.100000
0.290404 0.695984 12.100000
0.163548 0.642215 12.100000
0.040870 0.586219 12.100000
-0.077118 0.528258 12.100000
-0.189957 0.468606 12.100000
-0.297169 0.407603 12.100000
-0.398284 0.345615 12.100000
-0.492953 0.282950 12.100000
-0.580786 0.219936 12.100000
-0.661483 0.157005 12.100000
-0.734819 0.094769 12.100000
-0.800627 0.033994 12.100000
-0.858855 -0.024752 12.100000
-0.909218 -0.081232 12.100000
-0.951235 -0.135696 12.100000
-0.984475 -0.188738 12.100000
-1.008597 -0.240382 12.100000
-1.023816 -0.289860 12.100000
-1.030771 -0.335129 12.100000
-1.030378 -0.373693 12.100000
-1.023412 -0.403410 12.100000
-1.010174 -0.423535 12.100000
-0.990369 -0.434797 12.100000
-0.963453 -0.438770 12.100000
-0.928866 -0.437070 12.100000
-0.886395 -0.430693 12.100000
-0.836023 -0.419912 12.100000
-0.778119 -0.404639 12.100000
-0.712908 -0.384790 12.100000
-0.640706 -0.360516 12.100000
-0.561774 -0.332114 12.100000
-0.476303 -0.299817 12.100000
-0.384695 -0.263802 12.100000
-0.287402 -0.224125 12.100000
-0.184890 -0.180809 12.100000
-0.077670 -0.133880 12.100000
0.033772 -0.083312 12.100000
0.148821 -0.029111 12.100000
0.266889 0.028653 12.100000
0.387495 0.089759 12.100000
0.510204 0.153759 12.100000
0.760275 0.288202 12.100000
1.013792 0.427143 12.100000
1.267489 0.565639 12.100000
1.518023 0.698940 12.100000
1.761850 0.822782 12.100000
1.995396 0.933691 12.100000
2.215007 1.028843 12.100000
2.417118 1.106148 12.100000
2.598245 1.164477 12.100000
2.754687 1.204056 12.100000
2.882775 1.226912 12.100000
2.978499 1.236963 12.100000
3.038025 1.239567 12.100000
3.058281 1.239725 12.100000
