2.706489 0.612813 31.500000
2.702318 0.613310 31.500000
2.690423 0.612059 31.500000
2.670160 0.612251 31.500000
2.641950 0.612350 31.500000
2.606062 0.611850 31.500000
2.562485 0.611126 31.500000
2.511488 0.610163 31.500000
2.453241 0.608887 31.500000
2.388032 0.607362 31.500000
2.316199 0.605437 31.500000
2.237974 0.603089 31.500000
2.153768 0.600184 31.500000
2.063941 0.596803 31.500000
1.968911 0.592775 31.500000
1.869125 0.587973 31.500000
1.765041 0.582046 31.500000
1.657194 0.574812 31.500000
1.546110 0.566125 31.500000
1.432271 0.555865 31.500000
1.316204 0.543887 31.500000
1.198421 0.530268 31.500000
1.079406 0.514891 31.500000
0.959726 0.497922 31.500000
0.839860 0.479431 31.500000
0.720305 0.459569 31.500000
0.601688 0.437908 31.500000
0.484462 0.414628 31.500000
0.369270 0.389570 31.500000
0.256495 0.363049 31.500000
0.146717 0.334854 31.500000
0.040323 0.305453 31.500000
-0.062172 0.274582 31.500000
-0.160389 0.242746 31.500000
-0.253802 0.209797 31.500000
-0.342156 0.176286 31.500000
-0.424997 0.142050 31.500000
-0.502095 0.107750 31.500000
-0.573080 0.073429 31.500000
-0.637691 0.039604 31.500000
-0.695652 0.006070 31.500000
-0.746758 -0.026746 31.500000
-0.790777 -0.058526 31.500000
-0.827662 -0.088805 31.500000
-0.857185 -0.117417 31.500000
-0.879405 -0.143769 31.500000
-0.894440 -0.166672 31.500000
-0.902240 -0.186003 31.500000
-0.902163 -0.204271 31.500000
-0.895303 -0.216641 31.500000
-0.880868 -0.226612 31.500000
-0.858962 -0.234057 31.500000
-0.829853 -0.238127 31.500000
-0.793507 -0.239647 31.500000
-0.750110 -0.238129 31.500000
-0.699800 -0.234135 31.500000
-0.642803 -0.227337 31.500000
-0.579343 -0.218090 31.500000
-0.509740 -0.206313 31.500000
-0.434195 -0.192129 31.500000
-0.353151 -0.175258 31.500000
-0.266894 -0.156107 31.500000
-0.175885 -0.134325 31.500000
-0.080421 -0.110433 31.500000
0.019005 -0.083937 31.500000
0.122032 -0.055412 31.500000
0.228091 -0.024532 31.500000
0.336839 0.008210 31.500000
0.447783 0.042815 31.500000
0.560541 0.078626 31.500000
0.674686 0.115511 31.500000
0.789790 0.152689 31.500000
0.905382 0.190053 31.500000
1.021073 0.226984 31.500000
1.136356 0.263368 31.500000
1.250903 0.298484 31.500000
1.364142 0.332167 31.500000
1.475732 0.363921 31.500000
1.585126 0.393812 31.500000
1.691854 0.421733 31.500000
1.795477 0.447624 31.500000
1.895517 0.471413 31.500000
1.991496 0.493031 31.500000
2.083052 0.512396 31.500000
2.169725 0.529707 31.500000
2.251146 0.544918 31.500000
2.326886 0.558236 31.500000
2.396562 0.569687 31.500000
2.459900 0.579476 31.500000
2.516587 0.587645 31.500000
2.566284 0.594345 31.500000
2.608824 0.599652 31.500000
2.643879 0.603834 31.500000
2.671255 0.607415 31.500000
2.690914 0.609894 31.500000
2.702563 0.612228 31.500000
2.706489 0.612813 31.500000
