3.061494 1.231768 18.600000
3.042595 1.228290 18.600000
2.986287 1.217824 18.600000
2.893570 1.200487 18.600000
2.766001 1.176527 18.600000
2.605976 1.146005 18.600000
2.416469 1.108602 18.600000
2.201321 1.063728 18.600000
1.964742 1.010706 18.600000
1.711365 0.948980 18.600000
1.446019 0.878455 18.600000
1.173533 0.799509 18.600000
0.898931 0.712738 18.600000
0.627071 0.619151 18.600000
0.362830 0.519713 18.600000
0.235088 0.468127 18.600000
0.111034 0.415512 18.600000
-0.008787 0.362038 18.600000
-0.123883 0.307905 18.600000
-0.233758 0.253406 18.600000
-0.337913 0.198836 18.600000
-0.435956 0.144402 18.600000
-0.527522 0.090487 18.600000
-0.612250 0.037379 18.600000
-0.689815 -0.014555 18.600000
-0.759908 -0.064904 18.600000
-0.822331 -0.113449 18.600000
-0.876776 -0.160017 18.600000
-0.922899 -0.204518 18.600000
-0.960439 -0.247130 18.600000
-0.989224 -0.287452 18.600000
-1.009437 -0.324800 18.600000
-1.021471 -0.357719 18.600000
-1.025804 -0.384789 18.600000
-1.022830 -0.404793 18.600000
-1.012583 -0.417649 18.600000
-0.994766 -0.424092 18.600000
-0.968936 -0.425462 18.600000
-0.934665 -0.423056 18.600000
-0.891920 -0.417430 18.600000
-0.840798 -0.408576 18.600000
-0.781798 -0.396079 18.600000
-0.715299 -0.379473 18.600000
-0.641773 -0.358522 18.600000
-0.561547 -0.333358 18.600000
-0.474900 -0.303998 18.600000
-0.382223 -0.270646 18.600000
-0.283989 -0.233305 18.600000
-0.180624 -0.192096 18.600000
-0.072659 -0.146997 18.600000
0.039449 -0.098049 18.600000
0.155137 -0.045385 18.600000
0.273873 0.010782 18.600000
0.395218 0.070133 18.600000
0.518804 0.132046 18.600000
0.771007 0.261405 18.600000
1.027133 0.394098 18.600000
1.283736 0.525607 18.600000
1.537219 0.651782 18.600000
1.783793 0.768964 18.600000
2.019563 0.874449 18.600000
2.240524 0.966291 18.600000
2.442648 1.043535 18.600000
2.622005 1.106165 18.600000
2.774771 1.154729 18.600000
2.897692 1.190241 18.600000
2.987831 1.213987 18.600000
3.042939 1.227433 18.600000
3.061494 1.231768 18.600000
