2.638903 0.571130 33.100000
2.634849 0.571652 33.100000
2.623265 0.570544 33.100000
2.603552 0.570919 33.100000
2.576107 0.571278 33.100000
2.541186 0.571123 33.100000
2.498782 0.570823 33.100000
2.449157 0.570359 33.100000
2.392475 0.569657 33.100000
2.329017 0.568778 33.100000
2.259110 0.567572 33.100000
2.182981 0.566013 33.100000
2.101027 0.563967 33.100000
2.013601 0.561510 33.100000
1.921107 0.558472 33.100000
1.823977 0.554725 33.100000
1.722656 0.549924 33.100000
1.617661 0.543886 33.100000
1.509504 0.536464 33.100000
1.398652 0.527537 33.100000
1.285615 0.516960 33.100000
1.170895 0.504802 33.100000
1.054959 0.490944 33.100000
0.938362 0.475544 33.100000
0.821570 0.458665 33.100000
0.705067 0.440449 33.100000
0.589460 0.420475 33.100000
0.475191 0.398912 33.100000
0.362885 0.375600 33.100000
0.252918 0.350843 33.100000
0.145850 0.324429 33.100000
0.042064 0.296810 33.100000
-0.057943 0.267726 33.100000
-0.153797 0.237661 33.100000
-0.244986 0.206470 33.100000
-0.331259 0.174686 33.100000
-0.412175 0.142145 33.100000
-0.487503 0.109488 33.100000
-0.556885 0.076755 33.100000
-0.620060 0.044445 33.100000
-0.676764 0.012356 33.100000
-0.726790 -0.019098 33.100000
-0.769912 -0.049610 33.100000
-0.806079 -0.078727 33.100000
-0.835069 -0.106291 33.100000
-0.856932 -0.131723 33.100000
-0.871771 -0.153867 33.100000
-0.879540 -0.172602 33.100000
-0.879634 -0.190377 33.100000
-0.873075 -0.202475 33.100000
-0.859123 -0.212310 33.100000
-0.837879 -0.219757 33.100000
-0.809596 -0.223986 33.100000
-0.774248 -0.225802 33.100000
-0.732012 -0.224727 33.100000
-0.683027 -0.221308 33.100000
-0.627510 -0.215223 33.100000
-0.565681 -0.206814 33.100000
-0.497853 -0.196002 33.100000
-0.424222 -0.182902 33.100000
-0.345216 -0.167240 33.100000
-0.261117 -0.149407 33.100000
-0.172369 -0.129057 33.100000
-0.079268 -0.106698 33.100000
0.017713 -0.081841 33.100000
0.118214 -0.055044 33.100000
0.221688 -0.025982 33.100000
0.327796 0.004865 33.100000
0.436058 0.037504 33.100000
0.546095 0.071301 33.100000
0.657493 0.106129 33.100000
0.769825 0.141233 33.100000
0.882635 0.176514 33.100000
0.995536 0.211372 33.100000
1.108036 0.245702 33.100000
1.219807 0.278806 33.100000
1.330293 0.310527 33.100000
1.439156 0.340386 33.100000
1.545866 0.368454 33.100000
1.649964 0.394630 33.100000
1.751022 0.418859 33.100000
1.848574 0.441077 33.100000
1.942155 0.461220 33.100000
2.031412 0.479211 33.100000
2.115899 0.495250 33.100000
2.195257 0.509294 33.100000
2.269070 0.521549 33.100000
2.336967 0.532045 33.100000
2.398681 0.540981 33.100000
2.453908 0.548404 33.100000
2.502323 0.554462 33.100000
2.543759 0.559231 33.100000
2.577904 0.562974 33.100000
2.604572 0.566204 33.100000
2.623722 0.568433 33.100000
2.635078 0.570596 33.100000
2.638903 0.571130 33.100000
