2.828271 0.745994 28.300000
2.811266 0.745018 28.300000
2.760591 0.742018 28.300000
2.677137 0.736986 28.300000
2.562302 0.729969 28.300000
2.418198 0.720758 28.300000
2.247408 0.708743 28.300000
2.053243 0.692983 28.300000
1.839332 0.672418 28.300000
1.609689 0.646050 28.300000
1.368550 0.613261 28.300000
1.120203 0.573853 28.300000
0.869132 0.527796 28.300000
0.619723 0.475442 28.300000
0.376369 0.417103 28.300000
0.258338 0.385809 28.300000
0.143436 0.353203 28.300000
0.032164 0.319377 28.300000
-0.075027 0.284449 28.300000
-0.177666 0.248624 28.300000
-0.275281 0.212107 28.300000
-0.367508 0.175036 28.300000
-0.453979 0.137708 28.300000
-0.534348 0.100335 28.300000
-0.608288 0.063207 28.300000
-0.675481 0.026648 28.300000
-0.735731 -0.009169 28.300000
-0.788746 -0.044126 28.300000
-0.834214 -0.078181 28.300000
-0.871925 -0.111521 28.300000
-0.901684 -0.143813 28.300000
-0.923576 -0.174433 28.300000
-0.937787 -0.202059 28.300000
-0.944581 -0.225389 28.300000
-0.944169 -0.243310 28.300000
-0.936574 -0.255746 28.300000
-0.921614 -0.263376 28.300000
-0.899048 -0.267426 28.300000
-0.868642 -0.269087 28.300000
-0.830428 -0.268849 28.300000
-0.784491 -0.266695 28.300000
-0.731225 -0.262204 28.300000
-0.670909 -0.254927 28.300000
-0.603935 -0.244602 28.300000
-0.530605 -0.231310 28.300000
-0.451165 -0.215036 28.300000
-0.365982 -0.195915 28.300000
-0.275472 -0.173897 28.300000
-0.180023 -0.149044 28.300000
-0.080099 -0.121276 28.300000
0.023892 -0.090580 28.300000
0.131440 -0.057010 28.300000
0.242057 -0.020694 28.300000
0.355317 0.018134 28.300000
0.470832 0.058968 28.300000
0.706895 0.144949 28.300000
0.946775 0.233430 28.300000
1.186945 0.320817 28.300000
1.423783 0.403856 28.300000
1.653553 0.479748 28.300000
1.872534 0.546541 28.300000
2.076986 0.602969 28.300000
2.263262 0.648633 28.300000
2.427906 0.683953 28.300000
2.567613 0.709832 28.300000
2.679633 0.727521 28.300000
2.761526 0.738473 28.300000
2.811475 0.744226 28.300000
2.828271 0.745994 28.300000
