2.983060 1.011858 23.400000
2.964862 1.009544 23.400000
2.910643 1.002550 23.400000
2.821358 0.990936 23.400000
2.698507 0.974855 23.400000
2.544375 0.954240 23.400000
2.361780 0.928626 23.400000
2.154351 0.897250 23.400000
1.926066 0.859243 23.400000
1.681310 0.813831 23.400000
1.424681 0.760666 23.400000
1.160801 0.699852 23.400000
0.894490 0.631694 23.400000
0.630431 0.556894 23.400000
0.373324 0.476113 23.400000
0.248845 0.433713 23.400000
0.127826 0.390135 23.400000
0.010796 0.345515 23.400000
-0.101766 0.300016 23.400000
-0.209371 0.253893 23.400000
-0.311528 0.207399 23.400000
-0.407853 0.160711 23.400000
-0.497977 0.114174 23.400000
-0.581542 0.068045 23.400000
-0.658217 0.022655 23.400000
-0.727686 -0.021621 23.400000
-0.789751 -0.064582 23.400000
-0.844107 -0.106082 23.400000
-0.890422 -0.146052 23.400000
-0.928457 -0.184676 23.400000
-0.958027 -0.221583 23.400000
-0.979268 -0.256108 23.400000
-0.992481 -0.286845 23.400000
-0.998044 -0.312415 23.400000
-0.996269 -0.331638 23.400000
-0.987183 -0.344433 23.400000
-0.970544 -0.351518 23.400000
-0.945998 -0.354191 23.400000
-0.913208 -0.353713 23.400000
-0.872171 -0.350614 23.400000
-0.822979 -0.344883 23.400000
-0.766086 -0.336096 23.400000
-0.701827 -0.323790 23.400000
-0.630642 -0.307716 23.400000
-0.552849 -0.287981 23.400000
-0.468713 -0.264586 23.400000
-0.378618 -0.237707 23.400000
-0.283017 -0.207319 23.400000
-0.182320 -0.173518 23.400000
-0.077033 -0.136252 23.400000
0.032406 -0.095537 23.400000
0.145454 -0.051470 23.400000
0.261593 -0.004226 23.400000
0.380386 0.045915 23.400000
0.501452 0.098378 23.400000
0.748670 0.208313 23.400000
0.999804 0.321217 23.400000
1.251329 0.432968 23.400000
1.499599 0.539800 23.400000
1.740807 0.638427 23.400000
1.971100 0.726477 23.400000
2.186555 0.802309 23.400000
2.383285 0.865226 23.400000
2.557543 0.915420 23.400000
2.705712 0.953616 23.400000
2.824745 0.980953 23.400000
2.911912 0.998812 23.400000
2.965146 1.008708 23.400000
2.983060 1.011858 23.400000
