3.079596 1.185786 20.200000
3.060646 1.182592 20.200000
3.004189 1.172970 20.200000
2.911222 1.157023 20.200000
2.783309 1.134976 20.200000
2.622844 1.106854 20.200000
2.432798 1.072293 20.200000
2.217003 1.030645 20.200000
1.979656 0.981172 20.200000
1.725383 0.923247 20.200000
1.459011 0.856704 20.200000
1.185374 0.781846 20.200000
0.909503 0.699198 20.200000
0.636272 0.609692 20.200000
0.370571 0.514221 20.200000
0.242072 0.464555 20.200000
0.117243 0.413802 20.200000
-0.003364 0.362129 20.200000
-0.119258 0.309725 20.200000
-0.229937 0.256878 20.200000
-0.334897 0.203874 20.200000
-0.433745 0.150914 20.200000
-0.526108 0.098377 20.200000
-0.611622 0.046543 20.200000
-0.689956 -0.004223 20.200000
-0.760794 -0.053518 20.200000
-0.823938 -0.101123 20.200000
-0.879074 -0.146870 20.200000
-0.925858 -0.190675 20.200000
-0.964032 -0.232720 20.200000
-0.993418 -0.272607 20.200000
-1.014187 -0.309648 20.200000
-1.026713 -0.342383 20.200000
-1.031451 -0.369385 20.200000
-1.028777 -0.389431 20.200000
-1.018723 -0.402440 20.200000
-1.001005 -0.409149 20.200000
-0.975198 -0.410905 20.200000
-0.940895 -0.409013 20.200000
-0.898070 -0.404027 20.200000
-0.846822 -0.395940 20.200000
-0.787642 -0.384328 20.200000
-0.720901 -0.368719 20.200000
-0.647069 -0.348872 20.200000
-0.566476 -0.324912 20.200000
-0.479399 -0.296852 20.200000
-0.386233 -0.264893 20.200000
-0.287451 -0.229026 20.200000
-0.183480 -0.189370 20.200000
-0.074852 -0.145892 20.200000
0.037977 -0.098629 20.200000
0.154440 -0.047703 20.200000
0.274004 0.006680 20.200000
0.396224 0.064207 20.200000
0.520724 0.124262 20.200000
0.774835 0.249831 20.200000
1.032919 0.378673 20.200000
1.291462 0.506325 20.200000
1.546807 0.628690 20.200000
1.795107 0.742167 20.200000
2.032431 0.844109 20.200000
2.254742 0.932632 20.200000
2.458000 1.006841 20.200000
2.638276 1.066778 20.200000
2.791752 1.113049 20.200000
2.915190 1.146717 20.200000
3.005675 1.169110 20.200000
3.060978 1.181729 20.200000
3.079596 1.185786 20.200000
