2.769562 0.672330 29.900000
2.752977 0.671706 29.900000
2.703553 0.669758 29.900000
2.622158 0.666461 29.900000
2.510154 0.661835 29.900000
2.369596 0.655633 29.900000
2.202986 0.647213 29.900000
2.013534 0.635595 29.900000
1.804753 0.619675 29.900000
1.580534 0.598404 29.900000
1.344993 0.571100 29.900000
1.102304 0.537485 29.900000
0.856833 0.497447 29.900000
0.612859 0.451243 29.900000
0.374669 0.399090 29.900000
0.259085 0.370875 29.900000
0.146524 0.341321 29.900000
0.037475 0.310508 29.900000
-0.067619 0.278544 29.900000
-0.168295 0.245619 29.900000
-0.264091 0.211923 29.900000
-0.354648 0.177583 29.900000
-0.439604 0.142882 29.900000
-0.518616 0.108020 29.900000
-0.591360 0.073273 29.900000
-0.657521 0.038951 29.900000
-0.716903 0.005218 29.900000
-0.769220 -0.027816 29.900000
-0.814169 -0.060118 29.900000
-0.851547 -0.091872 29.900000
-0.881159 -0.122757 29.900000
-0.903074 -0.152165 29.900000
-0.917449 -0.178804 29.900000
-0.924516 -0.201401 29.900000
-0.924460 -0.218866 29.900000
-0.917300 -0.231127 29.900000
-0.902873 -0.238848 29.900000
-0.880968 -0.243228 29.900000
-0.851379 -0.245430 29.900000
-0.814148 -0.245933 29.900000
-0.769356 -0.244718 29.900000
-0.717379 -0.241368 29.900000
-0.658482 -0.235438 29.900000
-0.593040 -0.226669 29.900000
-0.521348 -0.215131 29.900000
-0.443647 -0.200804 29.900000
-0.360296 -0.183816 29.900000
-0.271701 -0.164107 29.900000
-0.178239 -0.141732 29.900000
-0.080363 -0.116603 29.900000
0.021533 -0.088700 29.900000
0.126949 -0.058065 29.900000
0.235406 -0.024815 29.900000
0.346488 0.010832 29.900000
0.459804 0.048390 29.900000
0.691423 0.127610 29.900000
0.926809 0.209191 29.900000
1.162455 0.289702 29.900000
1.394773 0.366042 29.900000
1.620067 0.435554 29.900000
1.834676 0.496411 29.900000
2.034932 0.547449 29.900000
2.217275 0.588351 29.900000
2.378345 0.619592 29.900000
2.514941 0.642115 29.900000
2.624408 0.657193 29.900000
2.704396 0.666287 29.900000
2.753165 0.670931 29.900000
2.769562 0.672330 29.900000
