2.967684 1.056103 8.800000
2.947564 1.059022 8.800000
2.888680 1.064642 8.800000
2.793961 1.067485 8.800000
2.666261 1.063915 8.800000
2.507947 1.053668 8.800000
2.321212 1.038103 8.800000
2.109136 1.018081 8.800000
1.875596 0.993109 8.800000
1.625301 0.961599 8.800000
1.363465 0.921560 8.800000
1.095391 0.871236 8.800000
0.826414 0.809548 8.800000
0.561581 0.736211 8.800000
0.305657 0.651747 8.800000
0.182462 0.605704 8.800000
0.063160 0.557363 8.800000
-0.051751 0.506957 8.800000
-0.161822 0.454724 8.800000
-0.266581 0.400971 8.800000
-0.365567 0.346028 8.800000
-0.458434 0.290172 8.800000
-0.544795 0.233703 8.800000
-0.624349 0.177017 8.800000
-0.696853 0.120691 8.800000
-0.762119 0.065448 8.800000
-0.820071 0.011826 8.800000
-0.870430 -0.039958 8.800000
-0.912747 -0.090165 8.800000
-0.946634 -0.139377 8.800000
-0.971768 -0.187633 8.800000
-0.988323 -0.234190 8.800000
-0.996824 -0.277074 8.800000
-0.998040 -0.313867 8.800000
-0.992623 -0.342494 8.800000
-0.980829 -0.362232 8.800000
-0.962406 -0.373789 8.800000
-0.936901 -0.378688 8.800000
-0.903847 -0.378494 8.800000
-0.863081 -0.374165 8.800000
-0.814599 -0.365961 8.800000
-0.758749 -0.353785 8.800000
-0.695741 -0.337546 8.800000
-0.625884 -0.317376 8.800000
-0.549439 -0.293546 8.800000
-0.466597 -0.266272 8.800000
-0.377748 -0.235706 8.800000
-0.283328 -0.201882 8.800000
-0.183780 -0.164802 8.800000
-0.079593 -0.124471 8.800000
0.028770 -0.080844 8.800000
0.140723 -0.033901 8.800000
0.255702 0.016315 8.800000
0.373239 0.069613 8.800000
0.492901 0.125585 8.800000
0.736928 0.243481 8.800000
0.984428 0.365523 8.800000
1.232081 0.487135 8.800000
1.476502 0.603923 8.800000
1.714138 0.711966 8.800000
1.941435 0.808100 8.800000
2.154793 0.889782 8.800000
2.350726 0.955167 8.800000
2.525864 1.003320 8.800000
2.676689 1.034610 8.800000
2.799783 1.051124 8.800000
2.891485 1.056760 8.800000
2.948360 1.056787 8.800000
2.967684 1.056103 8.800000
