2.566575 0.550741 34.800000
2.562635 0.551256 34.800000
2.551371 0.550199 34.800000
2.532206 0.550597 34.800000
2.505524 0.550993 34.800000
2.471572 0.550903 34.800000
2.430345 0.550683 34.800000
2.382098 0.550318 34.800000
2.326990 0.549732 34.800000
2.265293 0.548986 34.800000
2.197326 0.547933 34.800000
2.123310 0.546548 34.800000
2.043629 0.544700 34.800000
1.958627 0.542461 34.800000
1.868697 0.539666 34.800000
1.774259 0.536190 34.800000
1.675744 0.531696 34.800000
1.573656 0.526005 34.800000
1.468490 0.518974 34.800000
1.360702 0.510486 34.800000
1.250788 0.500395 34.800000
1.139234 0.488772 34.800000
1.026494 0.475498 34.800000
0.913110 0.460726 34.800000
0.799533 0.444516 34.800000
0.686235 0.427005 34.800000
0.573806 0.407784 34.800000
0.462674 0.387016 34.800000
0.353448 0.364544 34.800000
0.246493 0.340663 34.800000
0.142354 0.315167 34.800000
0.041404 0.288493 34.800000
-0.055875 0.260388 34.800000
-0.149117 0.231323 34.800000
-0.237827 0.201155 34.800000
-0.321758 0.170401 34.800000
-0.400481 0.138903 34.800000
-0.473773 0.107282 34.800000
-0.541284 0.075577 34.800000
-0.602759 0.044273 34.800000
-0.657943 0.013173 34.800000
-0.706633 -0.017322 34.800000
-0.748609 -0.046912 34.800000
-0.783822 -0.075159 34.800000
-0.812053 -0.101907 34.800000
-0.833352 -0.126595 34.800000
-0.847818 -0.148099 34.800000
-0.855403 -0.166300 34.800000
-0.855525 -0.183580 34.800000
-0.849168 -0.195354 34.800000
-0.835621 -0.204940 34.800000
-0.814980 -0.212216 34.800000
-0.787490 -0.216376 34.800000
-0.753127 -0.218202 34.800000
-0.712062 -0.217230 34.800000
-0.664432 -0.213990 34.800000
-0.610447 -0.208169 34.800000
-0.550321 -0.200100 34.800000
-0.484359 -0.189704 34.800000
-0.412751 -0.177094 34.800000
-0.335912 -0.162002 34.800000
-0.254119 -0.144809 34.800000
-0.167802 -0.125177 34.800000
-0.077249 -0.103598 34.800000
0.017080 -0.079598 34.800000
0.114836 -0.053717 34.800000
0.215486 -0.025640 34.800000
0.318699 0.004168 34.800000
0.424009 0.035715 34.800000
0.531047 0.068384 34.800000
0.639410 0.102054 34.800000
0.748682 0.135990 34.800000
0.858418 0.170097 34.800000
0.968243 0.203794 34.800000
1.077676 0.236978 34.800000
1.186399 0.268970 34.800000
1.293870 0.299621 34.800000
1.399761 0.328464 34.800000
1.503554 0.355569 34.800000
1.604806 0.380840 34.800000
1.703097 0.404222 34.800000
1.797977 0.425656 34.800000
1.888993 0.445079 34.800000
1.975802 0.462418 34.800000
2.057970 0.477866 34.800000
2.135147 0.491384 34.800000
2.206931 0.503172 34.800000
2.272959 0.513260 34.800000
2.332974 0.521842 34.800000
2.386680 0.528964 34.800000
2.433760 0.534771 34.800000
2.474054 0.539336 34.800000
2.507257 0.542917 34.800000
2.533190 0.546012 34.800000
2.551811 0.548146 34.800000
2.562855 0.550230 34.800000
2.566575 0.550741 34.800000
