3.046306 1.268866 13.700000
3.025096 1.270808 13.700000
2.963184 1.273433 13.700000
2.863935 1.271173 13.700000
2.730537 1.260380 13.700000
2.565482 1.240911 13.700000
2.370987 1.214307 13.700000
2.150229 1.181641 13.700000
1.907288 1.142609 13.700000
1.647182 1.095812 13.700000
1.375471 1.039453 13.700000
1.097805 0.971991 13.700000
0.819820 0.892590 13.700000
0.546816 0.801231 13.700000
0.283747 0.698725 13.700000
0.157409 0.643747 13.700000
0.035272 0.586582 13.700000
-0.082158 0.527498 13.700000
-0.194422 0.466771 13.700000
-0.301047 0.404747 13.700000
-0.401566 0.341797 13.700000
-0.495632 0.278231 13.700000
-0.582859 0.214382 13.700000
-0.662952 0.150683 13.700000
-0.735690 0.087750 13.700000
-0.800915 0.026349 13.700000
-0.858579 -0.032951 13.700000
-0.908401 -0.089908 13.700000
-0.949896 -0.144771 13.700000
-0.982628 -0.198128 13.700000
-1.006256 -0.250000 13.700000
-1.021002 -0.299621 13.700000
-1.027524 -0.344955 13.700000
-1.026764 -0.383513 13.700000
-1.019514 -0.413162 13.700000
-1.006085 -0.433160 13.700000
-0.986173 -0.444232 13.700000
-0.959220 -0.447948 13.700000
-0.924651 -0.445918 13.700000
-0.882242 -0.439135 13.700000
-0.831976 -0.427874 13.700000
-0.774221 -0.412049 13.700000
-0.709202 -0.391578 13.700000
-0.637235 -0.366616 13.700000
-0.558578 -0.337462 13.700000
-0.473419 -0.304350 13.700000
-0.382159 -0.267463 13.700000
-0.285249 -0.226859 13.700000
-0.183155 -0.182566 13.700000
-0.076388 -0.134615 13.700000
0.034566 -0.082985 13.700000
0.149092 -0.027689 13.700000
0.266603 0.031200 13.700000
0.386621 0.093454 13.700000
0.508713 0.158623 13.700000
0.757489 0.295447 13.700000
1.009668 0.436802 13.700000
1.262032 0.577714 13.700000
1.511281 0.713401 13.700000
1.753915 0.839564 13.700000
1.986391 0.952698 13.700000
2.205084 1.049943 13.700000
2.406448 1.129173 13.700000
2.587009 1.189229 13.700000
2.743067 1.230299 13.700000
2.870930 1.254378 13.700000
2.966554 1.265342 13.700000
3.026052 1.268514 13.700000
3.046306 1.268866 13.700000
