2.934209 0.919806 25.000000
2.916397 0.917961 25.000000
2.863325 0.912367 25.000000
2.775925 0.903058 25.000000
2.655667 0.890152 25.000000
2.504777 0.873530 25.000000
2.325996 0.852677 25.000000
2.122849 0.826763 25.000000
1.899197 0.794851 25.000000
1.659303 0.756086 25.000000
1.407646 0.710025 25.000000
1.148738 0.656663 25.000000
0.887291 0.596189 25.000000
0.627892 0.529181 25.000000
0.375141 0.456180 25.000000
0.252696 0.417625 25.000000
0.133601 0.377842 25.000000
0.018377 0.336953 25.000000
-0.092508 0.295103 25.000000
-0.198569 0.252532 25.000000
-0.299322 0.209476 25.000000
-0.394388 0.166097 25.000000
-0.483398 0.122726 25.000000
-0.565998 0.079603 25.000000
-0.641857 0.037046 25.000000
-0.710659 -0.004587 25.000000
-0.772205 -0.045106 25.000000
-0.826194 -0.084374 25.000000
-0.872301 -0.122330 25.000000
-0.910296 -0.159162 25.000000
-0.939992 -0.194509 25.000000
-0.961505 -0.227721 25.000000
-0.975098 -0.257418 25.000000
-0.981107 -0.282247 25.000000
-0.979811 -0.301047 25.000000
-0.971234 -0.313740 25.000000
-0.955156 -0.321032 25.000000
-0.931262 -0.324198 25.000000
-0.899251 -0.324475 25.000000
-0.859131 -0.322382 25.000000
-0.810993 -0.317905 25.000000
-0.755271 -0.310621 25.000000
-0.692280 -0.300069 25.000000
-0.622443 -0.285997 25.000000
-0.546075 -0.268503 25.000000
-0.463433 -0.247581 25.000000
-0.374898 -0.223393 25.000000
-0.280908 -0.195906 25.000000
-0.181869 -0.165203 25.000000
-0.078270 -0.131224 25.000000
0.029458 -0.093973 25.000000
0.140785 -0.053532 25.000000
0.255200 -0.010060 25.000000
0.372271 0.036178 25.000000
0.491613 0.084631 25.000000
0.735374 0.186309 25.000000
0.983024 0.290797 25.000000
1.231030 0.394149 25.000000
1.475748 0.492776 25.000000
1.713387 0.583555 25.000000
1.940135 0.664260 25.000000
2.152124 0.733377 25.000000
2.345545 0.790315 25.000000
2.516747 0.835347 25.000000
2.662216 0.869261 25.000000
2.779004 0.893238 25.000000
2.864478 0.908689 25.000000
2.916655 0.917140 25.000000
2.934209 0.919806 25.000000
