2.946074 -0.881063 20.800000
2.871760 -0.841466 20.800000
2.797391 -0.801973 20.800000
2.722993 -0.762532 20.800000
2.648522 -0.723232 20.800000
2.574014 -0.684001 20.800000
2.499289 -0.645185 20.800000
2.424531 -0.606432 20.800000
2.349471 -0.568269 20.800000
2.274302 -0.530322 20.800000
2.198964 -0.492712 20.800000
2.123239 -0.455885 20.800000
2.047514 -0.419058 20.800000
1.971376 -0.383100 20.800000
1.894983 -0.347679 20.800000
1.818590 -0.312258 20.800000
1.741670 -0.278007 20.800000
1.664556 -0.244184 20.800000
1.587442 -0.210361 20.800000
1.509820 -0.177734 20.800000
1.431973 -0.145633 20.800000
1.354127 -0.113532 20.800000
1.275865 -0.082475 20.800000
1.197269 -0.052256 20.800000
1.118673 -0.022036 20.800000
1.039803 0.007443 20.800000
0.960463 0.035650 20.800000
0.881123 0.063856 20.800000
0.801639 0.091642 20.800000
0.721530 0.117586 20.800000
0.641421 0.143530 20.800000
0.561276 0.169355 20.800000
0.480570 0.193378 20.800000
0.399647 0.216649 20.800000
0.318519 0.239200 20.800000
0.237002 0.260307 20.800000
0.155245 0.280449 20.800000
0.073252 0.299613 20.800000
-0.009056 0.317386 20.800000
-0.091674 0.333644 20.800000
-0.174547 0.348529 20.800000
-0.257684 0.361862 20.800000
-0.341087 0.373435 20.800000
-0.424754 0.382937 20.800000
-0.508669 0.389928 20.800000
-0.592764 0.394177 20.800000
-0.676957 0.394644 20.800000
-0.760999 0.389987 20.800000
-0.844220 0.377630 20.800000
-0.923591 0.349994 20.800000
-0.980358 0.292695 20.800000
-0.925287 0.233872 20.800000
-0.852235 0.192026 20.800000
-0.776599 0.155050 20.800000
-0.699402 0.121446 20.800000
-0.621121 0.090437 20.800000
-0.542074 0.061427 20.800000
-0.462478 0.033960 20.800000
-0.382441 0.007805 20.800000
-0.302044 -0.017223 20.800000
-0.221341 -0.041249 20.800000
-0.140356 -0.064312 20.800000
-0.059022 -0.086110 20.800000
0.022526 -0.107090 20.800000
0.104260 -0.127333 20.800000
0.186223 -0.146634 20.800000
0.268373 -0.165120 20.800000
0.350627 -0.183141 20.800000
0.433005 -0.200587 20.800000
0.515502 -0.217456 20.800000
0.598042 -0.234118 20.800000
0.680583 -0.250781 20.800000
0.763163 -0.267241 20.800000
0.845771 -0.283567 20.800000
0.928378 -0.299893 20.800000
1.010956 -0.316367 20.800000
1.093491 -0.333057 20.800000
1.176025 -0.349746 20.800000
1.258516 -0.366646 20.800000
1.340849 -0.384304 20.800000
1.423182 -0.401961 20.800000
1.505487 -0.419744 20.800000
1.587485 -0.438898 20.800000
1.669483 -0.458052 20.800000
1.751452 -0.477324 20.800000
1.832989 -0.498355 20.800000
1.914525 -0.519386 20.800000
1.995941 -0.540861 20.800000
2.076885 -0.564067 20.800000
2.157830 -0.587272 20.800000
2.238382 -0.611774 20.800000
2.318623 -0.637308 20.800000
2.398738 -0.663219 20.800000
2.478202 -0.691075 20.800000
2.557617 -0.719065 20.800000
2.636265 -0.749147 20.800000
2.714677 -0.779824 20.800000
2.792499 -0.811984 20.800000
2.869640 -0.845738 20.800000
2.946074 -0.881063 20.800000
