3.258927 -1.529507 7.400000
3.217571 -1.436784 7.400000
3.162457 -1.351815 7.400000
3.096007 -1.275058 7.400000
3.024953 -1.202496 7.400000
2.950997 -1.132877 7.400000
2.875048 -1.065438 7.400000
2.797671 -0.999644 7.400000
2.719201 -0.935162 7.400000
2.639863 -0.871749 7.400000
2.559804 -0.809241 7.400000
2.478759 -0.748019 7.400000
2.397242 -0.687430 7.400000
2.315298 -0.627417 7.400000
2.232543 -0.568525 7.400000
2.149492 -0.510057 7.400000
2.065968 -0.452261 7.400000
1.981937 -0.395208 7.400000
1.897695 -0.338465 7.400000
1.812819 -0.282674 7.400000
1.727784 -0.227128 7.400000
1.642311 -0.172256 7.400000
1.556563 -0.117817 7.400000
1.470548 -0.063800 7.400000
1.384179 -0.010351 7.400000
1.297683 0.042894 7.400000
1.210665 0.095281 7.400000
1.123491 0.147404 7.400000
1.035814 0.198681 7.400000
0.947712 0.249218 7.400000
0.859185 0.299013 7.400000
0.769766 0.347180 7.400000
0.679891 0.394484 7.400000
0.589007 0.439833 7.400000
0.497237 0.483337 7.400000
0.404679 0.525128 7.400000
0.310561 0.563316 7.400000
0.214939 0.597481 7.400000
0.118164 0.628202 7.400000
0.020259 0.655176 7.400000
-0.078853 0.677388 7.400000
-0.178868 0.695015 7.400000
-0.279519 0.708443 7.400000
-0.380668 0.717302 7.400000
-0.482130 0.720990 7.400000
-0.583631 0.718789 7.400000
-0.684750 0.709830 7.400000
-0.784842 0.692911 7.400000
-0.882348 0.664931 7.400000
-0.973892 0.621396 7.400000
-1.052434 0.557612 7.400000
-1.096847 0.468785 7.400000
-1.030424 0.401002 7.400000
-0.938312 0.358303 7.400000
-0.844023 0.320569 7.400000
-0.748683 0.285554 7.400000
-0.652674 0.252413 7.400000
-0.556124 0.220893 7.400000
-0.459044 0.191062 7.400000
-0.361340 0.163304 7.400000
-0.263117 0.137454 7.400000
-0.164789 0.111994 7.400000
-0.066395 0.086795 7.400000
0.031945 0.061383 7.400000
0.130247 0.035822 7.400000
0.228381 0.009629 7.400000
0.326457 -0.016784 7.400000
0.424261 -0.044181 7.400000
0.521992 -0.071845 7.400000
0.619392 -0.100640 7.400000
0.716671 -0.129852 7.400000
0.813619 -0.160131 7.400000
0.910338 -0.191145 7.400000
1.006799 -0.222939 7.400000
1.102856 -0.255947 7.400000
1.198797 -0.289282 7.400000
1.294060 -0.324517 7.400000
1.389323 -0.359752 7.400000
1.483788 -0.397064 7.400000
1.578144 -0.434660 7.400000
1.671862 -0.473797 7.400000
1.765177 -0.513908 7.400000
1.858050 -0.555007 7.400000
1.950164 -0.597805 7.400000
2.042048 -0.641076 7.400000
2.132796 -0.686699 7.400000
2.223489 -0.732425 7.400000
2.312675 -0.781029 7.400000
2.401861 -0.829634 7.400000
2.489250 -0.881399 7.400000
2.576500 -0.933391 7.400000
2.661791 -0.988545 7.400000
2.746441 -1.044645 7.400000
2.829273 -1.103427 7.400000
2.910297 -1.164631 7.400000
2.989656 -1.227991 7.400000
3.065780 -1.295235 7.400000
3.137279 -1.367325 7.400000
3.202495 -1.445099 7.400000
3.258927 -1.529507 7.400000
