2.722404 -0.537717 34.200000
2.652772 -0.507496 34.200000
2.582820 -0.477781 34.200000
2.512743 -0.448361 34.200000
2.442587 -0.419129 34.200000
2.372336 -0.390126 34.200000
2.301987 -0.361363 34.200000
2.231518 -0.332895 34.200000
2.160963 -0.304640 34.200000
2.090312 -0.276627 34.200000
2.019554 -0.248884 34.200000
1.948684 -0.221430 34.200000
1.877581 -0.194584 34.200000
1.806311 -0.168188 34.200000
1.734883 -0.142221 34.200000
1.663222 -0.116902 34.200000
1.591350 -0.092191 34.200000
1.519329 -0.067920 34.200000
1.447062 -0.044385 34.200000
1.374604 -0.021451 34.200000
1.302019 0.001082 34.200000
1.229173 0.022755 34.200000
1.156186 0.043944 34.200000
1.083077 0.064716 34.200000
1.009733 0.084641 34.200000
0.936297 0.104220 34.200000
0.862715 0.123248 34.200000
0.788910 0.141383 34.200000
0.714988 0.159038 34.200000
0.640845 0.175745 34.200000
0.566528 0.191646 34.200000
0.492082 0.206946 34.200000
0.417401 0.221054 34.200000
0.342577 0.234363 34.200000
0.267616 0.246900 34.200000
0.192446 0.258112 34.200000
0.117138 0.268325 34.200000
0.041699 0.277542 34.200000
-0.033891 0.285448 34.200000
-0.109626 0.291779 34.200000
-0.185454 0.296842 34.200000
-0.261364 0.300441 34.200000
-0.337344 0.302227 34.200000
-0.413346 0.302157 34.200000
-0.489308 0.299733 34.200000
-0.565159 0.294977 34.200000
-0.640690 0.286603 34.200000
-0.715581 0.273795 34.200000
-0.789300 0.255452 34.200000
-0.859485 0.226592 34.200000
-0.906887 0.172708 34.200000
-0.856515 0.119839 34.200000
-0.787283 0.088652 34.200000
-0.715429 0.063944 34.200000
-0.642515 0.042523 34.200000
-0.569027 0.023151 34.200000
-0.495149 0.005321 34.200000
-0.420945 -0.011104 34.200000
-0.346521 -0.026503 34.200000
-0.271909 -0.040961 34.200000
-0.197139 -0.054587 34.200000
-0.122264 -0.067628 34.200000
-0.047210 -0.079590 34.200000
0.027921 -0.091060 34.200000
0.103124 -0.102050 34.200000
0.178441 -0.112229 34.200000
0.253825 -0.121905 34.200000
0.329253 -0.131220 34.200000
0.404751 -0.139965 34.200000
0.480279 -0.148434 34.200000
0.555827 -0.156730 34.200000
0.631410 -0.164705 34.200000
0.706992 -0.172686 34.200000
0.782574 -0.180672 34.200000
0.858157 -0.188640 34.200000
0.933729 -0.196714 34.200000
1.009283 -0.204958 34.200000
1.084815 -0.213397 34.200000
1.160327 -0.222011 34.200000
1.235781 -0.231124 34.200000
1.311186 -0.240629 34.200000
1.386553 -0.250432 34.200000
1.461807 -0.261071 34.200000
1.536999 -0.272135 34.200000
1.612131 -0.283602 34.200000
1.687140 -0.295846 34.200000
1.762067 -0.308582 34.200000
1.836907 -0.321814 34.200000
1.911624 -0.335735 34.200000
1.986197 -0.350402 34.200000
2.060633 -0.365742 34.200000
2.134921 -0.381791 34.200000
2.209050 -0.398554 34.200000
2.282988 -0.416147 34.200000
2.356736 -0.434519 34.200000
2.430263 -0.453756 34.200000
2.503569 -0.473819 34.200000
2.576625 -0.494771 34.200000
2.649370 -0.516779 34.200000
2.722404 -0.537717 34.200000
