3.249817 -1.715900 5.400000
3.212092 -1.619367 5.400000
3.159965 -1.530081 5.400000
3.095886 -1.448625 5.400000
3.026911 -1.371226 5.400000
2.954835 -1.296690 5.400000
2.880623 -1.224280 5.400000
2.804876 -1.153479 5.400000
2.727951 -1.083964 5.400000
2.650090 -1.015498 5.400000
2.571450 -0.947920 5.400000
2.491743 -0.881605 5.400000
2.411525 -0.815914 5.400000
2.330843 -0.750789 5.400000
2.249281 -0.686769 5.400000
2.167396 -0.623167 5.400000
2.084998 -0.560227 5.400000
2.002046 -0.498021 5.400000
1.918864 -0.436121 5.400000
1.834991 -0.375161 5.400000
1.750943 -0.314444 5.400000
1.666417 -0.254392 5.400000
1.581589 -0.194769 5.400000
1.496468 -0.135563 5.400000
1.410960 -0.076920 5.400000
1.325313 -0.018479 5.400000
1.239092 0.039113 5.400000
1.152698 0.096443 5.400000
1.065752 0.152934 5.400000
0.978338 0.208691 5.400000
0.890453 0.263711 5.400000
0.801582 0.317115 5.400000
0.712203 0.369660 5.400000
0.621702 0.420261 5.400000
0.530209 0.469022 5.400000
0.437832 0.516074 5.400000
0.343690 0.559527 5.400000
0.247821 0.598950 5.400000
0.150612 0.634917 5.400000
0.052071 0.667116 5.400000
-0.047929 0.694518 5.400000
-0.149071 0.717287 5.400000
-0.251061 0.735806 5.400000
-0.353778 0.749689 5.400000
-0.457063 0.758314 5.400000
-0.560670 0.760936 5.400000
-0.664212 0.756649 5.400000
-0.767087 0.744196 5.400000
-0.867856 0.720339 5.400000
-0.963291 0.680335 5.400000
-1.046440 0.619060 5.400000
-1.095986 0.530612 5.400000
-1.031504 0.458308 5.400000
-0.939624 0.410352 5.400000
-0.845286 0.367353 5.400000
-0.749746 0.327077 5.400000
-0.653434 0.288680 5.400000
-0.556493 0.251910 5.400000
-0.458929 0.216837 5.400000
-0.360631 0.183847 5.400000
-0.261712 0.152778 5.400000
-0.162667 0.122102 5.400000
-0.063542 0.091688 5.400000
0.035518 0.061061 5.400000
0.134531 0.030284 5.400000
0.233343 -0.001131 5.400000
0.332086 -0.032766 5.400000
0.430504 -0.065393 5.400000
0.528834 -0.098288 5.400000
0.626773 -0.132320 5.400000
0.724569 -0.166772 5.400000
0.821975 -0.202296 5.400000
0.919114 -0.238559 5.400000
1.015951 -0.275603 5.400000
1.112319 -0.313868 5.400000
1.208552 -0.352460 5.400000
1.304003 -0.392956 5.400000
1.399454 -0.433453 5.400000
1.493991 -0.476030 5.400000
1.588405 -0.518890 5.400000
1.682093 -0.563292 5.400000
1.775324 -0.608668 5.400000
1.868056 -0.655030 5.400000
1.959933 -0.703087 5.400000
2.051554 -0.751617 5.400000
2.141902 -0.802490 5.400000
2.232190 -0.853465 5.400000
2.320804 -0.907303 5.400000
2.409417 -0.961142 5.400000
2.496046 -1.018116 5.400000
2.582522 -1.075317 5.400000
2.666850 -1.135647 5.400000
2.750478 -1.196911 5.400000
2.832125 -1.260823 5.400000
2.911811 -1.327118 5.400000
2.989696 -1.395531 5.400000
3.064096 -1.467750 5.400000
3.133547 -1.544689 5.400000
3.196319 -1.627122 5.400000
3.249817 -1.715900 5.400000
