3.217800 -1.244292 11.200000
3.138158 -1.193474 11.200000
3.058445 -1.142767 11.200000
2.978696 -1.092116 11.200000
2.898851 -1.041617 11.200000
2.818960 -0.991191 11.200000
2.738790 -0.941210 11.200000
2.658578 -0.891296 11.200000
2.577976 -0.842017 11.200000
2.497231 -0.792969 11.200000
2.416270 -0.744284 11.200000
2.334806 -0.696440 11.200000
2.253342 -0.648597 11.200000
2.171341 -0.601689 11.200000
2.089007 -0.555359 11.200000
2.006673 -0.509029 11.200000
1.923645 -0.463961 11.200000
1.840364 -0.419356 11.200000
1.757084 -0.374750 11.200000
1.673129 -0.331436 11.200000
1.588877 -0.288693 11.200000
1.504626 -0.245949 11.200000
1.419818 -0.204336 11.200000
1.334562 -0.163630 11.200000
1.249307 -0.122925 11.200000
1.163681 -0.083024 11.200000
1.077416 -0.044504 11.200000
0.991151 -0.005984 11.200000
0.904689 0.032077 11.200000
0.817366 0.068133 11.200000
0.730043 0.104189 11.200000
0.642668 0.140115 11.200000
0.554509 0.174076 11.200000
0.466041 0.207213 11.200000
0.377279 0.239564 11.200000
0.287956 0.270334 11.200000
0.198281 0.300046 11.200000
0.108255 0.328684 11.200000
0.017754 0.355794 11.200000
-0.073226 0.381237 11.200000
-0.164613 0.405166 11.200000
-0.256431 0.427383 11.200000
-0.348701 0.447655 11.200000
-0.441449 0.465633 11.200000
-0.534693 0.480825 11.200000
-0.628381 0.492965 11.200000
-0.722511 0.500884 11.200000
-0.816921 0.503058 11.200000
-0.911090 0.496548 11.200000
-1.002295 0.472609 11.200000
-1.070823 0.413507 11.200000
-1.014393 0.342875 11.200000
-0.936361 0.289653 11.200000
-0.855010 0.241650 11.200000
-0.771616 0.197282 11.200000
-0.686783 0.155720 11.200000
-0.600917 0.116329 11.200000
-0.514301 0.078614 11.200000
-0.427077 0.042328 11.200000
-0.339351 0.007271 11.200000
-0.251196 -0.026692 11.200000
-0.162639 -0.059603 11.200000
-0.073581 -0.091130 11.200000
0.015787 -0.121760 11.200000
0.105429 -0.151582 11.200000
0.195410 -0.180371 11.200000
0.285671 -0.208265 11.200000
0.376089 -0.235647 11.200000
0.466697 -0.262398 11.200000
0.557489 -0.288514 11.200000
0.648347 -0.314402 11.200000
0.739205 -0.340290 11.200000
0.830125 -0.365956 11.200000
0.921088 -0.391474 11.200000
1.012051 -0.416992 11.200000
1.102967 -0.442673 11.200000
1.193817 -0.468591 11.200000
1.284666 -0.494509 11.200000
1.375448 -0.520659 11.200000
1.465987 -0.547642 11.200000
1.556526 -0.574625 11.200000
1.647022 -0.601746 11.200000
1.737054 -0.630373 11.200000
1.827087 -0.659001 11.200000
1.917077 -0.687758 11.200000
2.006428 -0.718444 11.200000
2.095780 -0.749130 11.200000
2.184957 -0.780303 11.200000
2.273455 -0.813370 11.200000
2.361954 -0.846437 11.200000
2.449900 -0.880919 11.200000
2.537406 -0.916528 11.200000
2.624739 -0.952547 11.200000
2.711172 -0.990686 11.200000
2.797540 -1.028969 11.200000
2.882866 -1.069526 11.200000
2.967875 -1.110727 11.200000
3.052094 -1.153535 11.200000
3.135412 -1.198066 11.200000
3.217800 -1.244292 11.200000
