3.176907 -1.139249 13.100000
3.097793 -1.091472 13.100000
3.018614 -1.043805 13.100000
2.939401 -0.996195 13.100000
2.860097 -0.948734 13.100000
2.780751 -0.901346 13.100000
2.701141 -0.854402 13.100000
2.621493 -0.807523 13.100000
2.541478 -0.761274 13.100000
2.461330 -0.715254 13.100000
2.380978 -0.669595 13.100000
2.300155 -0.624771 13.100000
2.219332 -0.579947 13.100000
2.138006 -0.536051 13.100000
2.056369 -0.492728 13.100000
1.974732 -0.449405 13.100000
1.892447 -0.407333 13.100000
1.809925 -0.365719 13.100000
1.727403 -0.324106 13.100000
1.644254 -0.283772 13.100000
1.560828 -0.244002 13.100000
1.477402 -0.204233 13.100000
1.393459 -0.165583 13.100000
1.309100 -0.127831 13.100000
1.224742 -0.090079 13.100000
1.140040 -0.053123 13.100000
1.054747 -0.017533 13.100000
0.969454 0.018057 13.100000
0.883979 0.053194 13.100000
0.797711 0.086349 13.100000
0.711442 0.119504 13.100000
0.625126 0.152531 13.100000
0.538091 0.183617 13.100000
0.450772 0.213889 13.100000
0.363186 0.243386 13.100000
0.275090 0.271324 13.100000
0.186673 0.298217 13.100000
0.097940 0.324052 13.100000
0.008780 0.348382 13.100000
-0.080809 0.371069 13.100000
-0.170759 0.392267 13.100000
-0.261090 0.411779 13.100000
-0.351815 0.429378 13.100000
-0.442953 0.444723 13.100000
-0.534509 0.457331 13.100000
-0.626426 0.466944 13.100000
-0.718672 0.472417 13.100000
-0.811054 0.472266 13.100000
-0.902991 0.463628 13.100000
-0.991608 0.438016 13.100000
-1.057200 0.378563 13.100000
-1.000311 0.310849 13.100000
-0.922714 0.260682 13.100000
-0.841997 0.215699 13.100000
-0.759371 0.174321 13.100000
-0.675405 0.135722 13.100000
-0.590481 0.099270 13.100000
-0.504864 0.064475 13.100000
-0.418687 0.031093 13.100000
-0.332048 -0.001075 13.100000
-0.245016 -0.032163 13.100000
-0.157617 -0.062212 13.100000
-0.069761 -0.090897 13.100000
0.018377 -0.118696 13.100000
0.106762 -0.145698 13.100000
0.195455 -0.171682 13.100000
0.284400 -0.196784 13.100000
0.373486 -0.221382 13.100000
0.462742 -0.245358 13.100000
0.552163 -0.268707 13.100000
0.641644 -0.291833 13.100000
0.731124 -0.314959 13.100000
0.820660 -0.337866 13.100000
0.910234 -0.360628 13.100000
0.999808 -0.383389 13.100000
1.089340 -0.406311 13.100000
1.178813 -0.429467 13.100000
1.268285 -0.452622 13.100000
1.357698 -0.476005 13.100000
1.446892 -0.500210 13.100000
1.536087 -0.524414 13.100000
1.625243 -0.548754 13.100000
1.713982 -0.574579 13.100000
1.802721 -0.600404 13.100000
1.891421 -0.626356 13.100000
1.979544 -0.654211 13.100000
2.067667 -0.682065 13.100000
2.155631 -0.710401 13.100000
2.242977 -0.740604 13.100000
2.330323 -0.770807 13.100000
2.417163 -0.802407 13.100000
2.503600 -0.835121 13.100000
2.589877 -0.868240 13.100000
2.675326 -0.903453 13.100000
2.760714 -0.938809 13.100000
2.845137 -0.976414 13.100000
2.929267 -1.014656 13.100000
3.012663 -1.054489 13.100000
3.095219 -1.096029 13.100000
3.176907 -1.139249 13.100000
