3.127066 -1.054258 15.000000
3.048830 -1.009032 15.000000
2.970533 -0.963915 15.000000
2.892202 -0.918854 15.000000
2.813787 -0.873941 15.000000
2.735331 -0.829100 15.000000
2.656626 -0.784697 15.000000
2.577884 -0.740360 15.000000
2.498796 -0.696645 15.000000
2.419582 -0.653156 15.000000
2.340175 -0.610024 15.000000
2.260324 -0.567717 15.000000
2.180473 -0.525410 15.000000
2.100146 -0.484020 15.000000
2.019527 -0.443195 15.000000
1.938907 -0.402371 15.000000
1.857678 -0.362782 15.000000
1.776226 -0.323646 15.000000
1.694774 -0.284509 15.000000
1.612733 -0.246635 15.000000
1.530431 -0.209318 15.000000
1.448129 -0.172001 15.000000
1.365343 -0.135788 15.000000
1.282168 -0.100461 15.000000
1.198992 -0.065135 15.000000
1.115496 -0.030591 15.000000
1.031447 0.002604 15.000000
0.947399 0.035800 15.000000
0.863181 0.068550 15.000000
0.778224 0.099347 15.000000
0.693268 0.130145 15.000000
0.608267 0.160816 15.000000
0.522599 0.189576 15.000000
0.436671 0.217536 15.000000
0.350494 0.244733 15.000000
0.263848 0.270395 15.000000
0.176909 0.295031 15.000000
0.089680 0.318626 15.000000
0.002062 0.340742 15.000000
-0.085945 0.361244 15.000000
-0.174277 0.380283 15.000000
-0.262949 0.397667 15.000000
-0.351972 0.413174 15.000000
-0.441355 0.426468 15.000000
-0.531097 0.437080 15.000000
-0.621134 0.444757 15.000000
-0.711416 0.448381 15.000000
-0.801726 0.446504 15.000000
-0.891442 0.436338 15.000000
-0.977595 0.409641 15.000000
-1.040604 0.350292 15.000000
-0.983721 0.285160 15.000000
-0.906924 0.237569 15.000000
-0.827173 0.195105 15.000000
-0.745624 0.156200 15.000000
-0.662815 0.120038 15.000000
-0.579112 0.085992 15.000000
-0.494761 0.053580 15.000000
-0.409890 0.022559 15.000000
-0.324590 -0.007267 15.000000
-0.238925 -0.036029 15.000000
-0.152922 -0.063769 15.000000
-0.066497 -0.090166 15.000000
0.020187 -0.115693 15.000000
0.107098 -0.140436 15.000000
0.194290 -0.164178 15.000000
0.281713 -0.187052 15.000000
0.369263 -0.209431 15.000000
0.456969 -0.231199 15.000000
0.544824 -0.252352 15.000000
0.632733 -0.273285 15.000000
0.720642 -0.294217 15.000000
0.808601 -0.314935 15.000000
0.896594 -0.335510 15.000000
0.984587 -0.356084 15.000000
1.072543 -0.376817 15.000000
1.160445 -0.397779 15.000000
1.248347 -0.418741 15.000000
1.336194 -0.439927 15.000000
1.423843 -0.461919 15.000000
1.511493 -0.483912 15.000000
1.599108 -0.506038 15.000000
1.686342 -0.529623 15.000000
1.773577 -0.553208 15.000000
1.860776 -0.576918 15.000000
1.947446 -0.602499 15.000000
2.034117 -0.628080 15.000000
2.120640 -0.654134 15.000000
2.206595 -0.682025 15.000000
2.292549 -0.709917 15.000000
2.378036 -0.739184 15.000000
2.463149 -0.769547 15.000000
2.548113 -0.800309 15.000000
2.632307 -0.833133 15.000000
2.716444 -0.866099 15.000000
2.799680 -0.901281 15.000000
2.882642 -0.937092 15.000000
2.964915 -0.974471 15.000000
3.046399 -1.013535 15.000000
3.127066 -1.054258 15.000000
