2.767602 -0.680352 30.300000
2.697593 -0.646055 30.300000
2.627230 -0.612263 30.300000
2.556726 -0.578766 30.300000
2.486132 -0.545461 30.300000
2.415431 -0.512384 30.300000
2.344616 -0.479550 30.300000
2.273665 -0.447013 30.300000
2.202615 -0.414689 30.300000
2.131456 -0.382610 30.300000
2.060174 -0.350803 30.300000
1.988763 -0.319287 30.300000
1.917085 -0.288384 30.300000
1.845214 -0.257934 30.300000
1.773160 -0.227917 30.300000
1.700838 -0.198554 30.300000
1.628270 -0.169805 30.300000
1.555527 -0.141499 30.300000
1.482499 -0.113938 30.300000
1.409245 -0.086984 30.300000
1.335843 -0.060436 30.300000
1.262132 -0.034757 30.300000
1.188253 -0.009568 30.300000
1.114230 0.015198 30.300000
1.039925 0.039107 30.300000
0.965510 0.062665 30.300000
0.890919 0.085664 30.300000
0.816057 0.107759 30.300000
0.741052 0.129366 30.300000
0.665775 0.150011 30.300000
0.590282 0.169837 30.300000
0.514629 0.189054 30.300000
0.438677 0.207057 30.300000
0.362541 0.224249 30.300000
0.286229 0.240654 30.300000
0.209638 0.255710 30.300000
0.132860 0.269748 30.300000
0.055899 0.282769 30.300000
-0.021277 0.294454 30.300000
-0.098677 0.304529 30.300000
-0.176233 0.313308 30.300000
-0.253942 0.320589 30.300000
-0.331808 0.326013 30.300000
-0.409785 0.329533 30.300000
-0.487832 0.330637 30.300000
-0.565876 0.329343 30.300000
-0.643761 0.324322 30.300000
-0.721200 0.314722 30.300000
-0.797699 0.299388 30.300000
-0.871068 0.273097 30.300000
-0.922247 0.220056 30.300000
-0.873068 0.163434 30.300000
-0.803513 0.128166 30.300000
-0.730964 0.099420 30.300000
-0.657171 0.073997 30.300000
-0.582693 0.050650 30.300000
-0.507741 0.028864 30.300000
-0.432389 0.008505 30.300000
-0.356762 -0.010810 30.300000
-0.280898 -0.029171 30.300000
-0.204833 -0.046684 30.300000
-0.128632 -0.063603 30.300000
-0.052196 -0.079423 30.300000
0.024341 -0.094742 30.300000
0.100975 -0.109571 30.300000
0.177765 -0.123575 30.300000
0.254646 -0.137065 30.300000
0.331591 -0.150187 30.300000
0.408633 -0.162728 30.300000
0.485721 -0.174986 30.300000
0.562836 -0.187069 30.300000
0.640002 -0.198824 30.300000
0.717168 -0.210585 30.300000
0.794332 -0.222350 30.300000
0.871500 -0.234098 30.300000
0.948650 -0.245954 30.300000
1.025774 -0.257982 30.300000
1.102867 -0.270211 30.300000
1.179930 -0.282617 30.300000
1.256911 -0.295534 30.300000
1.333822 -0.308849 30.300000
1.410681 -0.322469 30.300000
1.487384 -0.336941 30.300000
1.564003 -0.351847 30.300000
1.640541 -0.367163 30.300000
1.716918 -0.383270 30.300000
1.793186 -0.399878 30.300000
1.869342 -0.416991 30.300000
1.945339 -0.434805 30.300000
2.021153 -0.453377 30.300000
2.096795 -0.472634 30.300000
2.172251 -0.492610 30.300000
2.247511 -0.513312 30.300000
2.322535 -0.534857 30.300000
2.397327 -0.557191 30.300000
2.471852 -0.580403 30.300000
2.546111 -0.604451 30.300000
2.620072 -0.629400 30.300000
2.693664 -0.655418 30.300000
2.767602 -0.680352 30.300000
