2.814654 -0.795830 24.600000
2.743406 -0.759233 24.600000
2.672108 -0.722734 24.600000
2.600783 -0.686286 24.600000
2.529390 -0.649974 24.600000
2.457963 -0.613726 24.600000
2.386336 -0.577878 24.600000
2.314679 -0.542088 24.600000
2.242742 -0.506866 24.600000
2.170704 -0.471849 24.600000
2.098512 -0.437156 24.600000
2.025962 -0.403213 24.600000
1.953412 -0.369271 24.600000
1.880481 -0.336160 24.600000
1.807316 -0.303564 24.600000
1.734151 -0.270968 24.600000
1.660501 -0.239492 24.600000
1.586673 -0.208426 24.600000
1.512845 -0.177360 24.600000
1.438551 -0.147439 24.600000
1.364051 -0.118021 24.600000
1.289551 -0.088604 24.600000
1.214670 -0.060185 24.600000
1.139485 -0.032568 24.600000
1.064299 -0.004950 24.600000
0.988863 0.021959 24.600000
0.912998 0.047651 24.600000
0.837132 0.073344 24.600000
0.761137 0.098634 24.600000
0.684573 0.122163 24.600000
0.608009 0.145692 24.600000
0.531412 0.169107 24.600000
0.454309 0.190802 24.600000
0.377009 0.211776 24.600000
0.299524 0.232064 24.600000
0.221690 0.250973 24.600000
0.143642 0.268960 24.600000
0.065384 0.286014 24.600000
-0.013155 0.301740 24.600000
-0.091966 0.316021 24.600000
-0.171001 0.328993 24.600000
-0.250265 0.340484 24.600000
-0.329756 0.350298 24.600000
-0.409469 0.358137 24.600000
-0.489381 0.363586 24.600000
-0.569426 0.366424 24.600000
-0.649509 0.365663 24.600000
-0.729376 0.360031 24.600000
-0.808352 0.347088 24.600000
-0.883447 0.319666 24.600000
-0.936618 0.264356 24.600000
-0.883398 0.209197 24.600000
-0.813319 0.170442 24.600000
-0.740851 0.136356 24.600000
-0.666947 0.105500 24.600000
-0.592050 0.077127 24.600000
-0.516453 0.050667 24.600000
-0.440354 0.025681 24.600000
-0.363856 0.001950 24.600000
-0.287031 -0.020703 24.600000
-0.209930 -0.042400 24.600000
-0.132574 -0.063176 24.600000
-0.054904 -0.082745 24.600000
0.022957 -0.101532 24.600000
0.100985 -0.119616 24.600000
0.179218 -0.136800 24.600000
0.257616 -0.153207 24.600000
0.336106 -0.169170 24.600000
0.414706 -0.184584 24.600000
0.493412 -0.199448 24.600000
0.572156 -0.214115 24.600000
0.650899 -0.228781 24.600000
0.729678 -0.243255 24.600000
0.808480 -0.257601 24.600000
0.887283 -0.271946 24.600000
0.966059 -0.286433 24.600000
1.044798 -0.301126 24.600000
1.123537 -0.315819 24.600000
1.202236 -0.330712 24.600000
1.280797 -0.346328 24.600000
1.359358 -0.361944 24.600000
1.437893 -0.377680 24.600000
1.516157 -0.394724 24.600000
1.594420 -0.411768 24.600000
1.672657 -0.428924 24.600000
1.750509 -0.447760 24.600000
1.828360 -0.466596 24.600000
1.906103 -0.485857 24.600000
1.983422 -0.506770 24.600000
2.060742 -0.527683 24.600000
2.137707 -0.549834 24.600000
2.214390 -0.572971 24.600000
2.290959 -0.596468 24.600000
2.366937 -0.621826 24.600000
2.442870 -0.647311 24.600000
2.518104 -0.674797 24.600000
2.593121 -0.702852 24.600000
2.667599 -0.732326 24.600000
2.741452 -0.763326 24.600000
2.814654 -0.795830 24.600000
