2.821438 -0.771435 26.500000
2.749876 -0.735455 26.500000
2.678264 -0.699575 26.500000
2.606627 -0.663747 26.500000
2.534922 -0.628053 26.500000
2.463184 -0.592425 26.500000
2.391249 -0.557198 26.500000
2.319285 -0.522031 26.500000
2.247046 -0.487432 26.500000
2.174708 -0.453040 26.500000
2.102218 -0.418973 26.500000
2.029376 -0.385660 26.500000
1.956535 -0.352347 26.500000
1.883321 -0.319869 26.500000
1.809876 -0.287907 26.500000
1.736432 -0.255946 26.500000
1.662512 -0.225109 26.500000
1.588418 -0.194683 26.500000
1.514324 -0.164258 26.500000
1.439773 -0.134980 26.500000
1.365022 -0.106209 26.500000
1.290270 -0.077437 26.500000
1.215146 -0.049668 26.500000
1.139724 -0.022702 26.500000
1.064302 0.004263 26.500000
0.988636 0.030518 26.500000
0.912551 0.055553 26.500000
0.836466 0.080588 26.500000
0.760255 0.105219 26.500000
0.683490 0.128084 26.500000
0.606725 0.150949 26.500000
0.529928 0.173701 26.500000
0.452640 0.194727 26.500000
0.375162 0.215032 26.500000
0.297504 0.234648 26.500000
0.219509 0.252883 26.500000
0.141308 0.270194 26.500000
0.062905 0.286569 26.500000
-0.015767 0.301615 26.500000
-0.094699 0.315213 26.500000
-0.173842 0.327500 26.500000
-0.253203 0.338305 26.500000
-0.332776 0.347430 26.500000
-0.412554 0.354579 26.500000
-0.492510 0.359336 26.500000
-0.572577 0.361481 26.500000
-0.652650 0.360027 26.500000
-0.732465 0.353704 26.500000
-0.811326 0.340077 26.500000
-0.886181 0.312006 26.500000
-0.938872 0.256238 26.500000
-0.885176 0.201542 26.500000
-0.814764 0.163395 26.500000
-0.742004 0.129938 26.500000
-0.667836 0.099723 26.500000
-0.592695 0.071999 26.500000
-0.516872 0.046194 26.500000
-0.440560 0.021868 26.500000
-0.363859 -0.001199 26.500000
-0.286841 -0.023187 26.500000
-0.209555 -0.044215 26.500000
-0.132022 -0.064321 26.500000
-0.054185 -0.083217 26.500000
0.023835 -0.101330 26.500000
0.102017 -0.118737 26.500000
0.180395 -0.135244 26.500000
0.258932 -0.150971 26.500000
0.337558 -0.166254 26.500000
0.416289 -0.180988 26.500000
0.495120 -0.195169 26.500000
0.573988 -0.209153 26.500000
0.652855 -0.223138 26.500000
0.731756 -0.236929 26.500000
0.810680 -0.250592 26.500000
0.889604 -0.264255 26.500000
0.968503 -0.278060 26.500000
1.047366 -0.292070 26.500000
1.126228 -0.306081 26.500000
1.205054 -0.320292 26.500000
1.283747 -0.335227 26.500000
1.362440 -0.350163 26.500000
1.441109 -0.365218 26.500000
1.519517 -0.381584 26.500000
1.597925 -0.397950 26.500000
1.676308 -0.414429 26.500000
1.754319 -0.432590 26.500000
1.832331 -0.450751 26.500000
1.910237 -0.469338 26.500000
1.987735 -0.489581 26.500000
2.065232 -0.509824 26.500000
2.142386 -0.531308 26.500000
2.219267 -0.553780 26.500000
2.296036 -0.576614 26.500000
2.372231 -0.601313 26.500000
2.448382 -0.626139 26.500000
2.523851 -0.652973 26.500000
2.599108 -0.680378 26.500000
2.673839 -0.709206 26.500000
2.747957 -0.739565 26.500000
2.821438 -0.771435 26.500000
