2.707364 -0.608939 32.300000
2.638549 -0.576901 32.300000
2.569399 -0.545362 32.300000
2.500118 -0.514114 32.300000
2.430753 -0.483053 32.300000
2.361287 -0.452216 32.300000
2.291717 -0.421619 32.300000
2.222019 -0.391312 32.300000
2.152229 -0.361215 32.300000
2.082337 -0.331359 32.300000
2.012331 -0.301770 32.300000
1.942206 -0.272466 32.300000
1.871831 -0.243765 32.300000
1.801278 -0.215509 32.300000
1.730555 -0.187677 32.300000
1.659583 -0.160487 32.300000
1.588384 -0.133899 32.300000
1.517024 -0.107747 32.300000
1.445400 -0.082325 32.300000
1.373568 -0.057498 32.300000
1.301600 -0.033069 32.300000
1.229347 -0.009493 32.300000
1.156940 0.013603 32.300000
1.084402 0.036285 32.300000
1.011606 0.058127 32.300000
0.938709 0.079626 32.300000
0.865651 0.100577 32.300000
0.792347 0.120642 32.300000
0.718914 0.140229 32.300000
0.645234 0.158875 32.300000
0.571360 0.176720 32.300000
0.497341 0.193968 32.300000
0.423055 0.210030 32.300000
0.348606 0.225297 32.300000
0.274000 0.239796 32.300000
0.199149 0.252975 32.300000
0.124135 0.265160 32.300000
0.048964 0.276352 32.300000
-0.026393 0.286239 32.300000
-0.101935 0.294554 32.300000
-0.177604 0.301604 32.300000
-0.253394 0.307193 32.300000
-0.329300 0.310971 32.300000
-0.405278 0.312894 32.300000
-0.481278 0.312465 32.300000
-0.557228 0.309699 32.300000
-0.632952 0.303309 32.300000
-0.708154 0.292470 32.300000
-0.782329 0.276067 32.300000
-0.853246 0.249058 32.300000
-0.902045 0.196436 32.300000
-0.853077 0.142263 32.300000
-0.784687 0.109271 32.300000
-0.713506 0.082687 32.300000
-0.641178 0.059361 32.300000
-0.568224 0.038069 32.300000
-0.494839 0.018306 32.300000
-0.421092 -0.000059 32.300000
-0.347097 -0.017404 32.300000
-0.272890 -0.033815 32.300000
-0.198503 -0.049397 32.300000
-0.123996 -0.064398 32.300000
-0.049281 -0.078324 32.300000
0.025523 -0.091761 32.300000
0.100412 -0.104719 32.300000
0.175436 -0.116871 32.300000
0.250540 -0.128521 32.300000
0.325698 -0.139811 32.300000
0.400940 -0.150534 32.300000
0.476221 -0.160980 32.300000
0.551525 -0.171255 32.300000
0.626873 -0.181210 32.300000
0.702219 -0.191171 32.300000
0.777566 -0.201136 32.300000
0.852914 -0.211084 32.300000
0.928248 -0.221138 32.300000
1.003560 -0.231360 32.300000
1.078845 -0.241777 32.300000
1.154105 -0.252369 32.300000
1.229294 -0.263458 32.300000
1.304424 -0.274937 32.300000
1.379508 -0.286714 32.300000
1.454457 -0.299323 32.300000
1.529332 -0.312356 32.300000
1.604137 -0.325790 32.300000
1.678800 -0.339996 32.300000
1.753367 -0.354693 32.300000
1.827835 -0.369884 32.300000
1.902160 -0.385760 32.300000
1.976323 -0.402378 32.300000
2.050331 -0.419665 32.300000
2.124172 -0.437657 32.300000
2.197837 -0.456358 32.300000
2.271287 -0.475885 32.300000
2.344528 -0.496185 32.300000
2.417525 -0.517344 32.300000
2.490280 -0.539323 32.300000
2.562761 -0.562184 32.300000
2.634904 -0.586092 32.300000
2.707364 -0.608939 32.300000
