2.681340 -0.316883 38.000000
2.611520 -0.292803 38.000000
2.541427 -0.269238 38.000000
2.471236 -0.245969 38.000000
2.400982 -0.222889 38.000000
2.330653 -0.200037 38.000000
2.260247 -0.177426 38.000000
2.189746 -0.155109 38.000000
2.119179 -0.133006 38.000000
2.048536 -0.111145 38.000000
1.977810 -0.089554 38.000000
1.906997 -0.068251 38.000000
1.836004 -0.047557 38.000000
1.764882 -0.027311 38.000000
1.693640 -0.007493 38.000000
1.622220 0.011679 38.000000
1.550642 0.030245 38.000000
1.478951 0.048374 38.000000
1.407078 0.065769 38.000000
1.335065 0.082567 38.000000
1.262959 0.098967 38.000000
1.190663 0.114513 38.000000
1.118267 0.129579 38.000000
1.045785 0.144231 38.000000
0.973139 0.158043 38.000000
0.900429 0.171514 38.000000
0.827619 0.184438 38.000000
0.754660 0.196480 38.000000
0.681623 0.208047 38.000000
0.608443 0.218678 38.000000
0.535155 0.228514 38.000000
0.461787 0.237757 38.000000
0.388281 0.245826 38.000000
0.314696 0.253110 38.000000
0.241037 0.259634 38.000000
0.167273 0.264857 38.000000
0.093452 0.269101 38.000000
0.019578 0.272368 38.000000
-0.054344 0.274353 38.000000
-0.128287 0.274800 38.000000
-0.202226 0.274009 38.000000
-0.276134 0.271791 38.000000
-0.349973 0.267809 38.000000
-0.423695 0.262025 38.000000
-0.497201 0.253962 38.000000
-0.570423 0.243643 38.000000
-0.643063 0.229840 38.000000
-0.714749 0.211783 38.000000
-0.784882 0.188446 38.000000
-0.850795 0.155172 38.000000
-0.892726 0.099336 38.000000
-0.839886 0.051837 38.000000
-0.770380 0.026791 38.000000
-0.698820 0.008226 38.000000
-0.626477 -0.007070 38.000000
-0.553733 -0.020335 38.000000
-0.480725 -0.032076 38.000000
-0.407508 -0.042429 38.000000
-0.334154 -0.051769 38.000000
-0.260688 -0.060184 38.000000
-0.187132 -0.067778 38.000000
-0.113518 -0.074798 38.000000
-0.039811 -0.080757 38.000000
0.033934 -0.086234 38.000000
0.107711 -0.091239 38.000000
0.181539 -0.095450 38.000000
0.255393 -0.099167 38.000000
0.329264 -0.102530 38.000000
0.403159 -0.105336 38.000000
0.477064 -0.107871 38.000000
0.550974 -0.110237 38.000000
0.624894 -0.112290 38.000000
0.698813 -0.114348 38.000000
0.772732 -0.116410 38.000000
0.846652 -0.118456 38.000000
0.920569 -0.120605 38.000000
0.994481 -0.122919 38.000000
1.068387 -0.125425 38.000000
1.142286 -0.128103 38.000000
1.216166 -0.131269 38.000000
1.290028 -0.134818 38.000000
1.363876 -0.138660 38.000000
1.437678 -0.143321 38.000000
1.511450 -0.148400 38.000000
1.585195 -0.153873 38.000000
1.658880 -0.160109 38.000000
1.732521 -0.166828 38.000000
1.806116 -0.174036 38.000000
1.879643 -0.181922 38.000000
1.953086 -0.190541 38.000000
2.026448 -0.199824 38.000000
2.099718 -0.209805 38.000000
2.172889 -0.220492 38.000000
2.245937 -0.231998 38.000000
2.318859 -0.244274 38.000000
2.391631 -0.257406 38.000000
2.464251 -0.271355 38.000000
2.536696 -0.286185 38.000000
2.608918 -0.302064 38.000000
2.681340 -0.316883 38.000000
