3.077553 -2.142701 1.600000
3.051372 -2.040235 1.600000
3.009703 -1.943314 1.600000
2.954954 -1.852834 1.600000
2.894740 -1.765853 1.600000
2.831030 -1.681385 1.600000
2.764891 -1.598805 1.600000
2.696998 -1.517663 1.600000
2.627750 -1.437676 1.600000
2.557425 -1.358634 1.600000
2.486200 -1.280396 1.600000
2.413737 -1.203304 1.600000
2.340678 -1.126779 1.600000
2.267079 -1.050771 1.600000
2.192451 -0.975772 1.600000
2.117444 -0.901155 1.600000
2.041835 -0.827146 1.600000
1.965574 -0.753810 1.600000
1.889041 -0.680756 1.600000
1.811691 -0.608568 1.600000
1.734134 -0.536604 1.600000
1.656010 -0.465254 1.600000
1.577527 -0.394302 1.600000
1.498695 -0.323735 1.600000
1.419401 -0.253689 1.600000
1.339940 -0.183830 1.600000
1.259793 -0.114762 1.600000
1.179438 -0.045935 1.600000
1.098419 0.022110 1.600000
1.016835 0.089469 1.600000
0.934683 0.156142 1.600000
0.851329 0.221299 1.600000
0.767356 0.285652 1.600000
0.682002 0.348173 1.600000
0.595416 0.408957 1.600000
0.507720 0.468119 1.600000
0.417789 0.523856 1.600000
0.325608 0.575726 1.600000
0.231638 0.624263 1.600000
0.135849 0.669150 1.600000
0.037986 0.709361 1.600000
-0.061611 0.745022 1.600000
-0.162596 0.776483 1.600000
-0.264896 0.803341 1.600000
-0.368426 0.824944 1.600000
-0.473029 0.840508 1.600000
-0.578428 0.849066 1.600000
-0.684169 0.849271 1.600000
-0.789197 0.837663 1.600000
-0.890835 0.809038 1.600000
-0.982680 0.757340 1.600000
-1.043879 0.673935 1.600000
-0.987582 0.592674 1.600000
-0.900503 0.532658 1.600000
-0.810316 0.477357 1.600000
-0.718574 0.424663 1.600000
-0.625816 0.373777 1.600000
-0.532217 0.324459 1.600000
-0.437777 0.276783 1.600000
-0.342333 0.231125 1.600000
-0.246021 0.187335 1.600000
-0.149533 0.143928 1.600000
-0.052930 0.100776 1.600000
0.043579 0.057416 1.600000
0.140023 0.013910 1.600000
0.236183 -0.030217 1.600000
0.332246 -0.074558 1.600000
0.427856 -0.119863 1.600000
0.523344 -0.165429 1.600000
0.618294 -0.212098 1.600000
0.713047 -0.259173 1.600000
0.807272 -0.307287 1.600000
0.901133 -0.356115 1.600000
0.994592 -0.405697 1.600000
1.087424 -0.456457 1.600000
1.180078 -0.507531 1.600000
1.271703 -0.560437 1.600000
1.363328 -0.613343 1.600000
1.453769 -0.668242 1.600000
1.544048 -0.723412 1.600000
1.633402 -0.780053 1.600000
1.722170 -0.837624 1.600000
1.810311 -0.896131 1.600000
1.897374 -0.956249 1.600000
1.984119 -1.016813 1.600000
2.069283 -1.079592 1.600000
2.154374 -1.142467 1.600000
2.237412 -1.208033 1.600000
2.320450 -1.273599 1.600000
2.401087 -1.342095 1.600000
2.481541 -1.410800 1.600000
2.559430 -1.482406 1.600000
2.636494 -1.554872 1.600000
2.711221 -1.629773 1.600000
2.783666 -1.706842 1.600000
2.854022 -1.785833 1.600000
2.920375 -1.868243 1.600000
2.981128 -1.954818 1.600000
3.034432 -2.046124 1.600000
3.077553 -2.142701 1.600000
