2.880618 -0.837878 22.700000
2.807827 -0.799795 22.700000
2.734983 -0.761813 22.700000
2.662112 -0.723883 22.700000
2.589170 -0.686090 22.700000
2.516193 -0.648365 22.700000
2.443007 -0.611047 22.700000
2.369790 -0.573789 22.700000
2.296282 -0.537111 22.700000
2.222669 -0.500643 22.700000
2.148894 -0.464505 22.700000
2.074747 -0.429135 22.700000
2.000600 -0.393765 22.700000
1.926057 -0.359245 22.700000
1.851269 -0.325250 22.700000
1.776481 -0.291256 22.700000
1.701187 -0.258407 22.700000
1.625707 -0.225978 22.700000
1.550227 -0.193548 22.700000
1.474261 -0.162288 22.700000
1.398079 -0.131544 22.700000
1.321897 -0.100799 22.700000
1.245318 -0.071076 22.700000
1.168418 -0.042173 22.700000
1.091519 -0.013269 22.700000
1.014359 0.014910 22.700000
0.936748 0.041844 22.700000
0.859138 0.068778 22.700000
0.781391 0.095301 22.700000
0.703047 0.120022 22.700000
0.624703 0.144743 22.700000
0.546325 0.169348 22.700000
0.467413 0.192192 22.700000
0.388295 0.214298 22.700000
0.308982 0.235702 22.700000
0.229300 0.255694 22.700000
0.149391 0.274743 22.700000
0.069260 0.292836 22.700000
-0.011169 0.309570 22.700000
-0.091889 0.324823 22.700000
-0.172848 0.338735 22.700000
-0.254054 0.351131 22.700000
-0.335505 0.361808 22.700000
-0.417199 0.370462 22.700000
-0.499116 0.376666 22.700000
-0.581190 0.380192 22.700000
-0.663330 0.380028 22.700000
-0.745286 0.374866 22.700000
-0.826384 0.362199 22.700000
-0.903613 0.334654 22.700000
-0.958572 0.278336 22.700000
-0.904414 0.221355 22.700000
-0.832838 0.181068 22.700000
-0.758777 0.145551 22.700000
-0.683217 0.113336 22.700000
-0.606620 0.083660 22.700000
-0.529290 0.055940 22.700000
-0.451435 0.029729 22.700000
-0.373160 0.004801 22.700000
-0.294542 -0.019024 22.700000
-0.215633 -0.041870 22.700000
-0.136456 -0.063774 22.700000
-0.056947 -0.084442 22.700000
0.022763 -0.104309 22.700000
0.102651 -0.123457 22.700000
0.182755 -0.141684 22.700000
0.263035 -0.159114 22.700000
0.343412 -0.176090 22.700000
0.423907 -0.192504 22.700000
0.504514 -0.208354 22.700000
0.585162 -0.224002 22.700000
0.665809 -0.239651 22.700000
0.746494 -0.255102 22.700000
0.827205 -0.270421 22.700000
0.907915 -0.285741 22.700000
0.988597 -0.301206 22.700000
1.069240 -0.316881 22.700000
1.149882 -0.332556 22.700000
1.230483 -0.348436 22.700000
1.310935 -0.365057 22.700000
1.391388 -0.381677 22.700000
1.471814 -0.398421 22.700000
1.551950 -0.416504 22.700000
1.632087 -0.434587 22.700000
1.712196 -0.452785 22.700000
1.791896 -0.472703 22.700000
1.871597 -0.492620 22.700000
1.951182 -0.512973 22.700000
2.030321 -0.535016 22.700000
2.109460 -0.557060 22.700000
2.188226 -0.580371 22.700000
2.266695 -0.604691 22.700000
2.345044 -0.629379 22.700000
2.422772 -0.655971 22.700000
2.500454 -0.682693 22.700000
2.577404 -0.711463 22.700000
2.654127 -0.740814 22.700000
2.730285 -0.771616 22.700000
2.805791 -0.803978 22.700000
2.880618 -0.837878 22.700000
