3.070738 -0.985492 16.900000
2.993642 -0.942418 16.900000
2.916487 -0.899450 16.900000
2.839301 -0.856537 16.900000
2.762034 -0.813770 16.900000
2.684728 -0.771075 16.900000
2.607186 -0.728810 16.900000
2.529608 -0.686610 16.900000
2.451701 -0.645024 16.900000
2.373674 -0.603661 16.900000
2.295464 -0.562648 16.900000
2.216831 -0.522448 16.900000
2.138198 -0.482249 16.900000
2.059114 -0.442951 16.900000
1.979752 -0.404211 16.900000
1.900390 -0.365472 16.900000
1.820449 -0.327948 16.900000
1.740298 -0.290869 16.900000
1.660146 -0.253790 16.900000
1.579436 -0.217953 16.900000
1.498480 -0.182665 16.900000
1.417524 -0.147376 16.900000
1.336110 -0.113173 16.900000
1.254329 -0.079842 16.900000
1.172548 -0.046510 16.900000
1.090464 -0.013949 16.900000
1.007860 0.017287 16.900000
0.925256 0.048524 16.900000
0.842493 0.079322 16.900000
0.759036 0.108202 16.900000
0.675579 0.137082 16.900000
0.592081 0.165838 16.900000
0.507958 0.192717 16.900000
0.423591 0.218811 16.900000
0.338994 0.244155 16.900000
0.253959 0.267993 16.900000
0.168653 0.290823 16.900000
0.083079 0.312633 16.900000
-0.002856 0.332992 16.900000
-0.089146 0.351767 16.900000
-0.175733 0.369110 16.900000
-0.262630 0.384830 16.900000
-0.349841 0.398710 16.900000
-0.437374 0.410423 16.900000
-0.525218 0.419510 16.900000
-0.613309 0.425725 16.900000
-0.701582 0.427975 16.900000
-0.789803 0.424850 16.900000
-0.877325 0.413634 16.900000
-0.961129 0.386316 16.900000
-1.021852 0.327421 16.900000
-0.965337 0.264589 16.900000
-0.889613 0.219183 16.900000
-0.811076 0.178828 16.900000
-0.730832 0.141977 16.900000
-0.649398 0.107824 16.900000
-0.567119 0.075752 16.900000
-0.484231 0.045285 16.900000
-0.400853 0.016185 16.900000
-0.317075 -0.011740 16.900000
-0.232955 -0.038622 16.900000
-0.148519 -0.064499 16.900000
-0.063690 -0.089058 16.900000
0.021379 -0.112763 16.900000
0.106660 -0.135699 16.900000
0.192201 -0.157652 16.900000
0.277954 -0.178755 16.900000
0.363826 -0.199372 16.900000
0.449840 -0.219389 16.900000
0.535992 -0.238803 16.900000
0.622192 -0.258001 16.900000
0.708393 -0.277200 16.900000
0.794641 -0.296187 16.900000
0.880919 -0.315035 16.900000
0.967197 -0.333882 16.900000
1.053441 -0.352884 16.900000
1.139636 -0.372111 16.900000
1.225830 -0.391338 16.900000
1.311974 -0.410784 16.900000
1.397937 -0.431022 16.900000
1.483899 -0.451259 16.900000
1.569830 -0.471628 16.900000
1.655410 -0.493428 16.900000
1.740990 -0.515227 16.900000
1.826537 -0.537150 16.900000
1.911594 -0.560908 16.900000
1.996651 -0.584667 16.900000
2.081572 -0.608889 16.900000
2.165963 -0.634915 16.900000
2.250353 -0.660941 16.900000
2.334306 -0.688318 16.900000
2.417910 -0.716771 16.900000
2.501373 -0.745616 16.900000
2.584115 -0.776488 16.900000
2.666802 -0.807498 16.900000
2.748641 -0.840688 16.900000
2.830219 -0.874495 16.900000
2.911149 -0.909845 16.900000
2.991330 -0.946852 16.900000
3.070738 -0.985492 16.900000
