2.739133 -0.444722 36.100000
2.668512 -0.416888 36.100000
2.597589 -0.389573 36.100000
2.526551 -0.362555 36.100000
2.455440 -0.335729 36.100000
2.384243 -0.309134 36.100000
2.312955 -0.282783 36.100000
2.241558 -0.256731 36.100000
2.170082 -0.230894 36.100000
2.098518 -0.205302 36.100000
2.026857 -0.179985 36.100000
1.955093 -0.154959 36.100000
1.883117 -0.130550 36.100000
1.810989 -0.106595 36.100000
1.738719 -0.083075 36.100000
1.666237 -0.060210 36.100000
1.593566 -0.037961 36.100000
1.520760 -0.016155 36.100000
1.447734 0.004906 36.100000
1.374537 0.025360 36.100000
1.301228 0.045408 36.100000
1.227686 0.064589 36.100000
1.154019 0.083281 36.100000
1.080246 0.101552 36.100000
1.006266 0.118968 36.100000
0.932206 0.136036 36.100000
0.858019 0.152547 36.100000
0.783640 0.168159 36.100000
0.709160 0.183287 36.100000
0.634491 0.197460 36.100000
0.559675 0.210822 36.100000
0.484752 0.223579 36.100000
0.409633 0.235136 36.100000
0.334400 0.245890 36.100000
0.259056 0.255868 36.100000
0.183547 0.264514 36.100000
0.107935 0.272157 36.100000
0.032226 0.278800 36.100000
-0.043590 0.284129 36.100000
-0.119496 0.287878 36.100000
-0.195452 0.290356 36.100000
-0.271441 0.291369 36.100000
-0.347437 0.290567 36.100000
-0.423393 0.287909 36.100000
-0.499229 0.282901 36.100000
-0.574874 0.275565 36.100000
-0.650076 0.264625 36.100000
-0.724488 0.249274 36.100000
-0.797540 0.228433 36.100000
-0.866701 0.197200 36.100000
-0.912241 0.141734 36.100000
-0.860099 0.090609 36.100000
-0.789845 0.061798 36.100000
-0.717191 0.039550 36.100000
-0.643590 0.020624 36.100000
-0.569486 0.003766 36.100000
-0.495043 -0.011540 36.100000
-0.420323 -0.025429 36.100000
-0.345418 -0.038284 36.100000
-0.270357 -0.050194 36.100000
-0.195166 -0.061267 36.100000
-0.119891 -0.071751 36.100000
-0.044473 -0.081151 36.100000
0.031005 -0.090057 36.100000
0.106538 -0.098480 36.100000
0.182159 -0.106089 36.100000
0.257828 -0.113193 36.100000
0.333530 -0.119934 36.100000
0.409281 -0.126105 36.100000
0.485054 -0.131997 36.100000
0.560841 -0.137716 36.100000
0.636651 -0.143114 36.100000
0.712461 -0.148517 36.100000
0.788271 -0.153924 36.100000
0.864082 -0.159315 36.100000
0.939885 -0.164812 36.100000
1.015676 -0.170478 36.100000
1.091451 -0.176341 36.100000
1.167213 -0.182379 36.100000
1.242933 -0.188918 36.100000
1.318618 -0.195850 36.100000
1.394275 -0.203082 36.100000
1.469848 -0.211152 36.100000
1.545372 -0.219651 36.100000
1.620851 -0.228553 36.100000
1.696234 -0.238236 36.100000
1.771551 -0.248414 36.100000
1.846799 -0.259090 36.100000
1.921946 -0.270460 36.100000
1.996975 -0.282579 36.100000
2.071890 -0.295376 36.100000
2.146681 -0.308886 36.100000
2.221339 -0.323116 36.100000
2.295832 -0.338182 36.100000
2.370163 -0.354032 36.100000
2.444302 -0.370755 36.100000
2.518249 -0.388311 36.100000
2.591976 -0.406763 36.100000
2.665428 -0.426282 36.100000
2.739133 -0.444722 36.100000
