2.757242 -0.721189 28.400000
2.687132 -0.686906 28.400000
2.616974 -0.652720 28.400000
2.546791 -0.618585 28.400000
2.476544 -0.584582 28.400000
2.406266 -0.550643 28.400000
2.335800 -0.517097 28.400000
2.265306 -0.483609 28.400000
2.194551 -0.450678 28.400000
2.123701 -0.417950 28.400000
2.052706 -0.385541 28.400000
1.981378 -0.353869 28.400000
1.910050 -0.322197 28.400000
1.838367 -0.291343 28.400000
1.766465 -0.260995 28.400000
1.694564 -0.230646 28.400000
1.622211 -0.201399 28.400000
1.549694 -0.172554 28.400000
1.477176 -0.143709 28.400000
1.404226 -0.115988 28.400000
1.331085 -0.088762 28.400000
1.257944 -0.061536 28.400000
1.184451 -0.035290 28.400000
1.110677 -0.009831 28.400000
1.036902 0.015628 28.400000
0.962898 0.040393 28.400000
0.888499 0.063964 28.400000
0.814099 0.087535 28.400000
0.739581 0.110711 28.400000
0.664543 0.132161 28.400000
0.589505 0.153611 28.400000
0.514436 0.174950 28.400000
0.438907 0.194603 28.400000
0.363201 0.213550 28.400000
0.287328 0.231825 28.400000
0.211141 0.248750 28.400000
0.134764 0.264773 28.400000
0.058199 0.279882 28.400000
-0.018613 0.293693 28.400000
-0.095663 0.306091 28.400000
-0.172905 0.317209 28.400000
-0.250343 0.326880 28.400000
-0.327969 0.334913 28.400000
-0.405774 0.341019 28.400000
-0.483726 0.344791 28.400000
-0.561758 0.346018 28.400000
-0.639758 0.343737 28.400000
-0.717454 0.336716 28.400000
-0.794141 0.322589 28.400000
-0.866769 0.294433 28.400000
-0.917505 0.239530 28.400000
-0.864599 0.186819 28.400000
-0.795586 0.150412 28.400000
-0.724335 0.118598 28.400000
-0.651747 0.089959 28.400000
-0.578239 0.063758 28.400000
-0.504086 0.039435 28.400000
-0.429473 0.016556 28.400000
-0.354495 -0.005091 28.400000
-0.279219 -0.025684 28.400000
-0.203693 -0.045338 28.400000
-0.127936 -0.064092 28.400000
-0.051896 -0.081663 28.400000
0.024315 -0.098468 28.400000
0.100675 -0.114586 28.400000
0.177217 -0.129823 28.400000
0.253905 -0.144299 28.400000
0.330675 -0.158342 28.400000
0.407541 -0.171848 28.400000
0.484499 -0.184815 28.400000
0.561491 -0.197590 28.400000
0.638482 -0.210364 28.400000
0.715504 -0.222951 28.400000
0.792547 -0.235412 28.400000
0.869589 -0.247872 28.400000
0.946609 -0.260472 28.400000
1.023597 -0.273272 28.400000
1.100584 -0.286072 28.400000
1.177537 -0.299068 28.400000
1.254368 -0.312771 28.400000
1.331200 -0.326474 28.400000
1.408009 -0.340294 28.400000
1.484578 -0.355394 28.400000
1.561147 -0.370494 28.400000
1.637694 -0.385705 28.400000
1.713896 -0.402558 28.400000
1.790098 -0.419411 28.400000
1.866203 -0.436681 28.400000
1.941927 -0.455568 28.400000
2.017651 -0.474455 28.400000
2.093054 -0.494555 28.400000
2.168201 -0.515621 28.400000
2.243243 -0.537040 28.400000
2.317746 -0.560282 28.400000
2.392208 -0.583650 28.400000
2.466026 -0.608981 28.400000
2.539645 -0.634869 28.400000
2.612765 -0.662151 28.400000
2.685306 -0.690931 28.400000
2.757242 -0.721189 28.400000
