3.212556 -1.934421 3.500000
3.179654 -1.833912 3.500000
3.131665 -1.739960 3.500000
3.071050 -1.653300 3.500000
3.005214 -1.570492 3.500000
2.936056 -1.490424 3.500000
2.864599 -1.412399 3.500000
2.791487 -1.335927 3.500000
2.717100 -1.260696 3.500000
2.641699 -1.186480 3.500000
2.565455 -1.113124 3.500000
2.488050 -1.040995 3.500000
2.410090 -0.969471 3.500000
2.331624 -0.898497 3.500000
2.252198 -0.828599 3.500000
2.172419 -0.759108 3.500000
2.092080 -0.690262 3.500000
2.011134 -0.622133 3.500000
1.929937 -0.554301 3.500000
1.847981 -0.487388 3.500000
1.765833 -0.420712 3.500000
1.683160 -0.354687 3.500000
1.600155 -0.289081 3.500000
1.516828 -0.223884 3.500000
1.433074 -0.159237 3.500000
1.349166 -0.094788 3.500000
1.264625 -0.031172 3.500000
1.179894 0.032187 3.500000
1.094551 0.094724 3.500000
1.008689 0.156539 3.500000
0.922306 0.217631 3.500000
0.834825 0.277132 3.500000
0.746778 0.335788 3.500000
0.657476 0.392527 3.500000
0.567059 0.447449 3.500000
0.475641 0.500680 3.500000
0.382220 0.550346 3.500000
0.286809 0.596005 3.500000
0.189835 0.638219 3.500000
0.091286 0.676671 3.500000
-0.009023 0.710320 3.500000
-0.110760 0.739314 3.500000
-0.213606 0.764027 3.500000
-0.317459 0.784058 3.500000
-0.422190 0.798765 3.500000
-0.527594 0.807375 3.500000
-0.633329 0.808942 3.500000
-0.738851 0.802151 3.500000
-0.842882 0.783622 3.500000
-0.942404 0.748336 3.500000
-1.030627 0.690675 3.500000
-1.086175 0.603404 3.500000
-1.024625 0.526045 3.500000
-0.933767 0.471921 3.500000
-0.840119 0.422707 3.500000
-0.745092 0.376198 3.500000
-0.649171 0.331559 3.500000
-0.552515 0.288541 3.500000
-0.455128 0.247217 3.500000
-0.356873 0.207973 3.500000
-0.257875 0.170650 3.500000
-0.158727 0.133721 3.500000
-0.059481 0.097054 3.500000
0.039685 0.060173 3.500000
0.138796 0.023142 3.500000
0.237664 -0.014527 3.500000
0.336450 -0.052416 3.500000
0.434848 -0.091297 3.500000
0.533141 -0.130447 3.500000
0.630971 -0.170732 3.500000
0.728630 -0.211436 3.500000
0.825831 -0.253211 3.500000
0.922717 -0.295723 3.500000
1.019251 -0.339015 3.500000
1.115237 -0.383522 3.500000
1.211067 -0.428355 3.500000
1.305991 -0.475084 3.500000
1.400915 -0.521813 3.500000
1.494790 -0.570608 3.500000
1.588521 -0.619686 3.500000
1.681426 -0.670292 3.500000
1.773808 -0.721864 3.500000
1.865627 -0.774413 3.500000
1.956476 -0.828640 3.500000
2.047037 -0.883332 3.500000
2.136168 -0.940340 3.500000
2.225232 -0.997449 3.500000
2.312425 -1.057378 3.500000
2.399618 -1.117307 3.500000
2.484610 -1.180318 3.500000
2.569433 -1.243550 3.500000
2.651888 -1.309848 3.500000
2.733577 -1.377057 3.500000
2.813095 -1.446850 3.500000
2.890479 -1.518958 3.500000
2.965907 -1.593122 3.500000
3.037566 -1.670962 3.500000
3.103913 -1.753328 3.500000
3.163141 -1.840908 3.500000
3.212556 -1.934421 3.500000
