3.246508 -1.373249 9.300000
3.202536 -1.284090 9.300000
3.145396 -1.203038 9.300000
3.077476 -1.130449 9.300000
3.005209 -1.062140 9.300000
2.930214 -0.996820 9.300000
2.853352 -0.933708 9.300000
2.775155 -0.872259 9.300000
2.695938 -0.812136 9.300000
2.615912 -0.753092 9.300000
2.535215 -0.694961 9.300000
2.453602 -0.638124 9.300000
2.371551 -0.581925 9.300000
2.289103 -0.526306 9.300000
2.205906 -0.471815 9.300000
2.122433 -0.417749 9.300000
2.038525 -0.364359 9.300000
1.954148 -0.311715 9.300000
1.869575 -0.259382 9.300000
1.784420 -0.208004 9.300000
1.699117 -0.156873 9.300000
1.613412 -0.106417 9.300000
1.527454 -0.056396 9.300000
1.441250 -0.006798 9.300000
1.354722 0.042232 9.300000
1.268077 0.091057 9.300000
1.180954 0.139022 9.300000
1.093687 0.186724 9.300000
1.005962 0.233579 9.300000
0.917848 0.279693 9.300000
0.829347 0.325065 9.300000
0.740034 0.368811 9.300000
0.650308 0.411696 9.300000
0.559668 0.452629 9.300000
0.468231 0.491724 9.300000
0.376088 0.529112 9.300000
0.282555 0.562916 9.300000
0.187703 0.592727 9.300000
0.091853 0.619126 9.300000
-0.004961 0.641814 9.300000
-0.102776 0.659798 9.300000
-0.201302 0.673261 9.300000
-0.300290 0.682592 9.300000
-0.399592 0.687434 9.300000
-0.499006 0.687204 9.300000
-0.598235 0.681212 9.300000
-0.696835 0.668620 9.300000
-0.794128 0.648281 9.300000
-0.888473 0.617215 9.300000
-0.976396 0.571156 9.300000
-1.050832 0.505777 9.300000
-1.090927 0.417185 9.300000
-1.023372 0.353376 9.300000
-0.931632 0.315083 9.300000
-0.837948 0.281729 9.300000
-0.743340 0.251076 9.300000
-0.648148 0.222281 9.300000
-0.552488 0.195093 9.300000
-0.456372 0.169578 9.300000
-0.359725 0.146114 9.300000
-0.262643 0.124537 9.300000
-0.165472 0.103346 9.300000
-0.068246 0.082411 9.300000
0.028935 0.061268 9.300000
0.126083 0.039977 9.300000
0.223092 0.018060 9.300000
0.320052 -0.004073 9.300000
0.416784 -0.027179 9.300000
0.513453 -0.050551 9.300000
0.609842 -0.075040 9.300000
0.706129 -0.099942 9.300000
0.802131 -0.125901 9.300000
0.897938 -0.152588 9.300000
0.993521 -0.180047 9.300000
1.088756 -0.208710 9.300000
1.183889 -0.237697 9.300000
1.278430 -0.268568 9.300000
1.372972 -0.299440 9.300000
1.466811 -0.332375 9.300000
1.560555 -0.365590 9.300000
1.653732 -0.400338 9.300000
1.746552 -0.436054 9.300000
1.838977 -0.472754 9.300000
1.930723 -0.511145 9.300000
2.022263 -0.550007 9.300000
2.112779 -0.591213 9.300000
2.203247 -0.632523 9.300000
2.292348 -0.676705 9.300000
2.381450 -0.720888 9.300000
2.468912 -0.768231 9.300000
2.556247 -0.815802 9.300000
2.641785 -0.866540 9.300000
2.726732 -0.918228 9.300000
2.810001 -0.972609 9.300000
2.891594 -1.029428 9.300000
2.971638 -1.088420 9.300000
3.048664 -1.151334 9.300000
3.121348 -1.219165 9.300000
3.188099 -1.292795 9.300000
3.246508 -1.373249 9.300000
