3.009874 -0.929064 18.800000
2.934107 -0.887834 18.800000
2.858282 -0.846708 18.800000
2.782429 -0.805637 18.800000
2.706498 -0.764709 18.800000
2.630529 -0.723851 18.800000
2.554334 -0.683417 18.800000
2.478106 -0.643046 18.800000
2.401562 -0.603277 18.800000
2.324903 -0.563729 18.800000
2.248071 -0.524524 18.800000
2.170833 -0.486118 18.800000
2.093596 -0.447713 18.800000
2.015928 -0.410193 18.800000
1.937994 -0.373221 18.800000
1.860060 -0.336249 18.800000
1.781575 -0.300471 18.800000
1.702888 -0.265129 18.800000
1.624202 -0.229788 18.800000
1.544983 -0.195666 18.800000
1.465531 -0.162083 18.800000
1.386078 -0.128499 18.800000
1.306190 -0.095980 18.800000
1.225952 -0.064317 18.800000
1.145715 -0.032653 18.800000
1.065190 -0.001745 18.800000
0.984172 0.027863 18.800000
0.903154 0.057472 18.800000
0.821985 0.086650 18.800000
0.740159 0.113947 18.800000
0.658334 0.141245 18.800000
0.576469 0.168421 18.800000
0.494015 0.193757 18.800000
0.411331 0.218323 18.800000
0.328430 0.242155 18.800000
0.245118 0.264510 18.800000
0.161553 0.285880 18.800000
0.077736 0.306249 18.800000
-0.006416 0.325196 18.800000
-0.090900 0.342594 18.800000
-0.175656 0.358589 18.800000
-0.260698 0.372996 18.800000
-0.346027 0.385602 18.800000
-0.431646 0.396089 18.800000
-0.517541 0.404007 18.800000
-0.603646 0.409117 18.800000
-0.689885 0.410354 18.800000
-0.776016 0.406341 18.800000
-0.861375 0.394433 18.800000
-0.942927 0.366839 18.800000
-1.001593 0.308656 18.800000
-0.945711 0.247905 18.800000
-0.871258 0.204381 18.800000
-0.794112 0.165823 18.800000
-0.715338 0.130706 18.800000
-0.635431 0.098236 18.800000
-0.554721 0.067808 18.800000
-0.473434 0.038954 18.800000
-0.391683 0.011441 18.800000
-0.309554 -0.014920 18.800000
-0.227103 -0.040259 18.800000
-0.144353 -0.064613 18.800000
-0.061235 -0.087675 18.800000
0.022109 -0.109901 18.800000
0.105651 -0.131373 18.800000
0.189437 -0.151883 18.800000
0.273420 -0.171559 18.800000
0.357514 -0.190760 18.800000
0.441741 -0.209373 18.800000
0.526096 -0.227396 18.800000
0.610496 -0.245208 18.800000
0.694896 -0.263020 18.800000
0.779339 -0.280625 18.800000
0.863810 -0.298093 18.800000
0.948282 -0.315561 18.800000
1.032722 -0.333180 18.800000
1.117117 -0.351020 18.800000
1.201511 -0.368860 18.800000
1.285858 -0.386915 18.800000
1.370037 -0.405744 18.800000
1.454216 -0.424573 18.800000
1.538365 -0.443531 18.800000
1.622187 -0.463890 18.800000
1.706008 -0.484249 18.800000
1.789800 -0.504729 18.800000
1.873132 -0.527007 18.800000
1.956465 -0.549284 18.800000
2.039669 -0.572017 18.800000
2.122376 -0.596517 18.800000
2.205082 -0.621017 18.800000
2.287376 -0.646841 18.800000
2.369340 -0.673720 18.800000
2.451172 -0.700983 18.800000
2.532320 -0.730234 18.800000
2.613417 -0.759621 18.800000
2.693709 -0.791145 18.800000
2.773754 -0.823275 18.800000
2.853182 -0.856919 18.800000
2.931897 -0.892190 18.800000
3.009874 -0.929064 18.800000
