2.929984 -1.156588 1.700000
2.856188 -1.109278 1.700000
2.782643 -1.061549 1.700000
2.709212 -1.013645 1.700000
2.635932 -0.965510 1.700000
2.562860 -0.917061 1.700000
2.490056 -0.868209 1.700000
2.417495 -0.818998 1.700000
2.345134 -0.769492 1.700000
2.272905 -0.719794 1.700000
2.200755 -0.669982 1.700000
2.128636 -0.620125 1.700000
2.056441 -0.570377 1.700000
1.984128 -0.520802 1.700000
1.911671 -0.471438 1.700000
1.838995 -0.422396 1.700000
1.765964 -0.373884 1.700000
1.692682 -0.325756 1.700000
1.619055 -0.278154 1.700000
1.544918 -0.231352 1.700000
1.470485 -0.185023 1.700000
1.395552 -0.139504 1.700000
1.320072 -0.094905 1.700000
1.244250 -0.050887 1.700000
1.167656 -0.008221 1.700000
1.090550 0.033499 1.700000
1.013024 0.074446 1.700000
0.934499 0.113440 1.700000
0.855519 0.151489 1.700000
0.775921 0.188244 1.700000
0.695426 0.222982 1.700000
0.614424 0.256505 1.700000
0.532700 0.288254 1.700000
0.450130 0.317716 1.700000
0.367072 0.345761 1.700000
0.283460 0.372142 1.700000
0.199142 0.396159 1.700000
0.114399 0.418604 1.700000
0.029219 0.439342 1.700000
-0.056453 0.457978 1.700000
-0.142626 0.474118 1.700000
-0.229165 0.488125 1.700000
-0.316054 0.499744 1.700000
-0.403263 0.508627 1.700000
-0.490738 0.514293 1.700000
-0.578373 0.516167 1.700000
-0.665981 0.513532 1.700000
-0.753246 0.505368 1.700000
-0.839069 0.487887 1.700000
-0.919997 0.455184 1.700000
-0.974622 0.389535 1.700000
-0.958225 0.305885 1.700000
-0.906069 0.235725 1.700000
-0.842956 0.174943 1.700000
-0.775137 0.119417 1.700000
-0.704174 0.067944 1.700000
-0.631302 0.019208 1.700000
-0.556978 -0.027285 1.700000
-0.481482 -0.071857 1.700000
-0.405034 -0.114784 1.700000
-0.327570 -0.155846 1.700000
-0.249374 -0.195491 1.700000
-0.170543 -0.233851 1.700000
-0.091145 -0.271031 1.700000
-0.011064 -0.306723 1.700000
0.069640 -0.340974 1.700000
0.150797 -0.374131 1.700000
0.232463 -0.406031 1.700000
0.314828 -0.436071 1.700000
0.397565 -0.465059 1.700000
0.480750 -0.492757 1.700000
0.564472 -0.518778 1.700000
0.648437 -0.543998 1.700000
0.732753 -0.568034 1.700000
0.817375 -0.590960 1.700000
0.902159 -0.613283 1.700000
0.987223 -0.634518 1.700000
1.072437 -0.655139 1.700000
1.157759 -0.675317 1.700000
1.243275 -0.694652 1.700000
1.328855 -0.713700 1.700000
1.414515 -0.732388 1.700000
1.500253 -0.750719 1.700000
1.586009 -0.768963 1.700000
1.671781 -0.787129 1.700000
1.757521 -0.805449 1.700000
1.843217 -0.823970 1.700000
1.928857 -0.842748 1.700000
2.014365 -0.862122 1.700000
2.099733 -0.882096 1.700000
2.184938 -0.902754 1.700000
2.269939 -0.924236 1.700000
2.354692 -0.946684 1.700000
2.439118 -0.970330 1.700000
2.523231 -0.995066 1.700000
2.606938 -1.021138 1.700000
2.689807 -1.049742 1.700000
2.771300 -1.082037 1.700000
2.851131 -1.118260 1.700000
2.929984 -1.156588 1.700000
