3.065779 -0.723533 32.300000
2.988742 -0.684903 32.300000
2.909904 -0.649886 32.300000
2.831202 -0.614567 32.300000
2.752615 -0.578993 32.300000
2.674104 -0.543248 32.300000
2.595673 -0.507331 32.300000
2.517236 -0.471428 32.300000
2.438787 -0.435549 32.300000
2.360235 -0.399896 32.300000
2.281586 -0.364459 32.300000
2.202847 -0.329221 32.300000
2.123881 -0.294496 32.300000
2.044749 -0.260154 32.300000
1.965451 -0.226192 32.300000
1.885783 -0.193108 32.300000
1.805903 -0.160544 32.300000
1.725814 -0.128495 32.300000
1.645333 -0.097441 32.300000
1.564588 -0.067086 32.300000
1.483611 -0.037354 32.300000
1.402273 -0.008622 32.300000
1.320673 0.019356 32.300000
1.238869 0.046731 32.300000
1.156769 0.073208 32.300000
1.074384 0.098779 32.300000
0.991796 0.123687 32.300000
0.908937 0.147685 32.300000
0.825766 0.170573 32.300000
0.742392 0.192703 32.300000
0.658773 0.213901 32.300000
0.574821 0.233735 32.300000
0.490671 0.252697 32.300000
0.406315 0.270742 32.300000
0.321616 0.287095 32.300000
0.236734 0.302448 32.300000
0.151670 0.316775 32.300000
0.066324 0.329333 32.300000
-0.019207 0.340505 32.300000
-0.104896 0.350407 32.300000
-0.190776 0.358532 32.300000
-0.276828 0.364496 32.300000
-0.362978 0.368689 32.300000
-0.449208 0.370916 32.300000
-0.535466 0.369955 32.300000
-0.621612 0.365781 32.300000
-0.707493 0.358059 32.300000
-0.792818 0.345722 32.300000
-0.876909 0.326846 32.300000
-0.958024 0.297943 32.300000
-1.021300 0.242010 32.300000
-0.971831 0.181194 32.300000
-0.891468 0.150074 32.300000
-0.808905 0.125161 32.300000
-0.725563 0.102938 32.300000
-0.641825 0.082229 32.300000
-0.557776 0.062804 32.300000
-0.473532 0.044249 32.300000
-0.389188 0.026156 32.300000
-0.304735 0.008570 32.300000
-0.220186 -0.008542 32.300000
-0.135590 -0.025428 32.300000
-0.050941 -0.042042 32.300000
0.033752 -0.058427 32.300000
0.118467 -0.074704 32.300000
0.203207 -0.090849 32.300000
0.287961 -0.106920 32.300000
0.372719 -0.122970 32.300000
0.457476 -0.139023 32.300000
0.542228 -0.155103 32.300000
0.626975 -0.171210 32.300000
0.711709 -0.187388 32.300000
0.796427 -0.203646 32.300000
0.881134 -0.219966 32.300000
0.965815 -0.236415 32.300000
1.050477 -0.252965 32.300000
1.135122 -0.269601 32.300000
1.219728 -0.286429 32.300000
1.304310 -0.303381 32.300000
1.388870 -0.320444 32.300000
1.473376 -0.337772 32.300000
1.557850 -0.355254 32.300000
1.642291 -0.372897 32.300000
1.726657 -0.390892 32.300000
1.810980 -0.409090 32.300000
1.895253 -0.427516 32.300000
1.979427 -0.446390 32.300000
2.063545 -0.465512 32.300000
2.147597 -0.484921 32.300000
2.231534 -0.504825 32.300000
2.315402 -0.525012 32.300000
2.399190 -0.545534 32.300000
2.482822 -0.566677 32.300000
2.566357 -0.588202 32.300000
2.649776 -0.610172 32.300000
2.733000 -0.632874 32.300000
2.816127 -0.655924 32.300000
2.899125 -0.679435 32.300000
2.981975 -0.703462 32.300000
3.065779 -0.723533 32.300000
