2.682402 -0.962922 7.400000
2.621414 -0.913229 7.400000
2.559914 -0.864176 7.400000
2.496801 -0.817220 7.400000
2.432747 -0.771543 7.400000
2.368218 -0.726535 7.400000
2.303230 -0.682191 7.400000
2.238077 -0.638093 7.400000
2.172675 -0.594362 7.400000
2.107001 -0.551043 7.400000
2.041146 -0.507998 7.400000
1.974968 -0.465453 7.400000
1.908619 -0.423173 7.400000
1.841915 -0.381460 7.400000
1.774960 -0.340146 7.400000
1.707690 -0.299353 7.400000
1.640002 -0.259253 7.400000
1.572126 -0.219478 7.400000
1.503537 -0.180937 7.400000
1.434949 -0.142396 7.400000
1.365321 -0.105769 7.400000
1.295642 -0.069237 7.400000
1.225180 -0.034260 7.400000
1.154345 -0.000022 7.400000
1.083067 0.033256 7.400000
1.011109 0.065064 7.400000
0.939024 0.096573 7.400000
0.866005 0.125863 7.400000
0.792985 0.155153 7.400000
0.719098 0.182163 7.400000
0.645073 0.208810 7.400000
0.570458 0.233720 7.400000
0.495512 0.257653 7.400000
0.420175 0.280279 7.400000
0.344389 0.301404 7.400000
0.268342 0.321521 7.400000
0.191820 0.339799 7.400000
0.115090 0.357130 7.400000
0.037921 0.372452 7.400000
-0.039458 0.386586 7.400000
-0.117183 0.398781 7.400000
-0.195160 0.409096 7.400000
-0.273344 0.417871 7.400000
-0.351810 0.423424 7.400000
-0.430372 0.427168 7.400000
-0.509045 0.427733 7.400000
-0.587608 0.423942 7.400000
-0.665802 0.415792 7.400000
-0.743059 0.401422 7.400000
-0.817926 0.377763 7.400000
-0.884064 0.336415 7.400000
-0.869715 0.268380 7.400000
-0.809833 0.217721 7.400000
-0.742931 0.176478 7.400000
-0.672947 0.140603 7.400000
-0.601077 0.108597 7.400000
-0.527870 0.079809 7.400000
-0.454140 0.052391 7.400000
-0.379706 0.026908 7.400000
-0.304884 0.002615 7.400000
-0.229753 -0.020732 7.400000
-0.154339 -0.043135 7.400000
-0.078734 -0.064897 7.400000
-0.002997 -0.086188 7.400000
0.072903 -0.106900 7.400000
0.148824 -0.127534 7.400000
0.224881 -0.147660 7.400000
0.300938 -0.167787 7.400000
0.377027 -0.187792 7.400000
0.453132 -0.207737 7.400000
0.529236 -0.227688 7.400000
0.605322 -0.247704 7.400000
0.681408 -0.267721 7.400000
0.757459 -0.287870 7.400000
0.833460 -0.308209 7.400000
0.909460 -0.328549 7.400000
0.985363 -0.349249 7.400000
1.061220 -0.370116 7.400000
1.137077 -0.390984 7.400000
1.212743 -0.412534 7.400000
1.288396 -0.434130 7.400000
1.363992 -0.455920 7.400000
1.439373 -0.478449 7.400000
1.514753 -0.500979 7.400000
1.589955 -0.524091 7.400000
1.665000 -0.547712 7.400000
1.740045 -0.571333 7.400000
1.814688 -0.596196 7.400000
1.889311 -0.621119 7.400000
1.963668 -0.646814 7.400000
2.037767 -0.673254 7.400000
2.111719 -0.700093 7.400000
2.185191 -0.728228 7.400000
2.258527 -0.756704 7.400000
2.331205 -0.786833 7.400000
2.403516 -0.817805 7.400000
2.475154 -0.850329 7.400000
2.545640 -0.885254 7.400000
2.614900 -0.922535 7.400000
2.682402 -0.962922 7.400000
