3.131559 -0.770692 28.400000
3.053068 -0.730390 28.400000
2.972700 -0.693771 28.400000
2.892472 -0.656844 28.400000
2.812366 -0.619656 28.400000
2.732339 -0.582295 28.400000
2.652395 -0.544757 28.400000
2.572444 -0.507234 28.400000
2.492483 -0.469735 28.400000
2.412412 -0.432468 28.400000
2.332241 -0.395420 28.400000
2.251976 -0.358575 28.400000
2.171472 -0.322253 28.400000
2.090795 -0.286321 28.400000
2.009945 -0.250777 28.400000
1.928707 -0.216129 28.400000
1.847248 -0.182010 28.400000
1.765569 -0.148416 28.400000
1.683479 -0.115838 28.400000
1.601112 -0.083973 28.400000
1.518501 -0.052743 28.400000
1.435510 -0.022532 28.400000
1.352245 0.006908 28.400000
1.268765 0.035733 28.400000
1.184973 0.063641 28.400000
1.100880 0.090625 28.400000
1.016573 0.116932 28.400000
0.931979 0.142310 28.400000
0.847056 0.166555 28.400000
0.761917 0.190026 28.400000
0.676518 0.212545 28.400000
0.590765 0.233670 28.400000
0.504801 0.253906 28.400000
0.418617 0.273204 28.400000
0.332064 0.290774 28.400000
0.245315 0.307321 28.400000
0.158370 0.322820 28.400000
0.071119 0.336510 28.400000
-0.016336 0.348784 28.400000
-0.103963 0.359759 28.400000
-0.191805 0.368917 28.400000
-0.279844 0.375863 28.400000
-0.368000 0.380998 28.400000
-0.456257 0.384121 28.400000
-0.544575 0.383980 28.400000
-0.632808 0.380548 28.400000
-0.720805 0.373483 28.400000
-0.808278 0.361687 28.400000
-0.894552 0.343184 28.400000
-0.977877 0.314387 28.400000
-1.043204 0.257743 28.400000
-0.993153 0.194999 28.400000
-0.911185 0.162354 28.400000
-0.826903 0.136041 28.400000
-0.741799 0.112476 28.400000
-0.656273 0.090456 28.400000
-0.570417 0.069749 28.400000
-0.484352 0.049929 28.400000
-0.398180 0.030582 28.400000
-0.311893 0.011753 28.400000
-0.225501 -0.006593 28.400000
-0.139061 -0.024707 28.400000
-0.052563 -0.042544 28.400000
0.033983 -0.060145 28.400000
0.120552 -0.077637 28.400000
0.207148 -0.094994 28.400000
0.293759 -0.112275 28.400000
0.380374 -0.129535 28.400000
0.466988 -0.146798 28.400000
0.553597 -0.164089 28.400000
0.640201 -0.181406 28.400000
0.726790 -0.198797 28.400000
0.813362 -0.216270 28.400000
0.899922 -0.233805 28.400000
0.986455 -0.251473 28.400000
1.072966 -0.269244 28.400000
1.159460 -0.287102 28.400000
1.245913 -0.305158 28.400000
1.332339 -0.323339 28.400000
1.418742 -0.341634 28.400000
1.505086 -0.360199 28.400000
1.591397 -0.378922 28.400000
1.677672 -0.397810 28.400000
1.763867 -0.417058 28.400000
1.850015 -0.436512 28.400000
1.936111 -0.456200 28.400000
2.022101 -0.476345 28.400000
2.108031 -0.496743 28.400000
2.193891 -0.517435 28.400000
2.279627 -0.538632 28.400000
2.365291 -0.560119 28.400000
2.450869 -0.581947 28.400000
2.536282 -0.604410 28.400000
2.621592 -0.627263 28.400000
2.706779 -0.650571 28.400000
2.791758 -0.674625 28.400000
2.876635 -0.699035 28.400000
2.961375 -0.723917 28.400000
3.045960 -0.749325 28.400000
3.131559 -0.770692 28.400000
