2.911896 -0.988172 11.200000
2.840627 -0.943470 11.200000
2.767273 -0.902111 11.200000
2.694078 -0.860472 11.200000
2.621019 -0.818595 11.200000
2.548050 -0.776560 11.200000
2.475175 -0.734364 11.200000
2.402291 -0.692181 11.200000
2.329395 -0.650021 11.200000
2.256377 -0.608071 11.200000
2.183245 -0.566321 11.200000
2.110007 -0.524757 11.200000
2.036500 -0.483671 11.200000
1.962797 -0.442940 11.200000
1.888898 -0.402564 11.200000
1.814556 -0.363007 11.200000
1.739961 -0.323934 11.200000
1.665114 -0.285343 11.200000
1.589794 -0.247683 11.200000
1.514153 -0.210678 11.200000
1.438228 -0.174256 11.200000
1.361859 -0.138771 11.200000
1.285166 -0.103996 11.200000
1.208219 -0.069788 11.200000
1.130900 -0.036424 11.200000
1.053219 -0.003915 11.200000
0.975281 0.027969 11.200000
0.896994 0.058993 11.200000
0.818301 0.088969 11.200000
0.739340 0.118227 11.200000
0.660054 0.146601 11.200000
0.580318 0.173681 11.200000
0.500308 0.199933 11.200000
0.420013 0.225312 11.200000
0.339227 0.249079 11.200000
0.258170 0.271891 11.200000
0.176841 0.293723 11.200000
0.095074 0.313862 11.200000
0.012998 0.332672 11.200000
-0.069349 0.350263 11.200000
-0.152048 0.366144 11.200000
-0.235115 0.379941 11.200000
-0.318441 0.392026 11.200000
-0.402028 0.402209 11.200000
-0.485939 0.409296 11.200000
-0.570039 0.413250 11.200000
-0.654212 0.413732 11.200000
-0.738274 0.409678 11.200000
-0.821745 0.399155 11.200000
-0.903256 0.378610 11.200000
-0.969946 0.330141 11.200000
-0.927530 0.266444 11.200000
-0.852330 0.228730 11.200000
-0.774416 0.196843 11.200000
-0.695495 0.167498 11.200000
-0.616048 0.139587 11.200000
-0.536180 0.112896 11.200000
-0.456041 0.087031 11.200000
-0.375762 0.061607 11.200000
-0.295330 0.036665 11.200000
-0.214760 0.012174 11.200000
-0.134125 -0.012101 11.200000
-0.053412 -0.036118 11.200000
0.027366 -0.059915 11.200000
0.108174 -0.083610 11.200000
0.189019 -0.107178 11.200000
0.269884 -0.130676 11.200000
0.350756 -0.154154 11.200000
0.431626 -0.177635 11.200000
0.512489 -0.201142 11.200000
0.593344 -0.224674 11.200000
0.674180 -0.248274 11.200000
0.754993 -0.271951 11.200000
0.835789 -0.295686 11.200000
0.916549 -0.319545 11.200000
0.997280 -0.343500 11.200000
1.077987 -0.367537 11.200000
1.158639 -0.391757 11.200000
1.239255 -0.416095 11.200000
1.319840 -0.440539 11.200000
1.400347 -0.465235 11.200000
1.480809 -0.490078 11.200000
1.561224 -0.515075 11.200000
1.641534 -0.540407 11.200000
1.721782 -0.565932 11.200000
1.801962 -0.591674 11.200000
1.882003 -0.617841 11.200000
1.961967 -0.644245 11.200000
2.041840 -0.670922 11.200000
2.121554 -0.698068 11.200000
2.201176 -0.725484 11.200000
2.280689 -0.753217 11.200000
2.359993 -0.781540 11.200000
2.439166 -0.810224 11.200000
2.518187 -0.839331 11.200000
2.596948 -0.869130 11.200000
2.675583 -0.899258 11.200000
2.754050 -0.929823 11.200000
2.832326 -0.960876 11.200000
2.911896 -0.988172 11.200000
