3.172354 -0.908939 20.800000
3.093651 -0.864700 20.800000
3.012886 -0.824153 20.800000
2.932276 -0.783297 20.800000
2.851801 -0.742179 20.800000
2.771414 -0.700887 20.800000
2.691118 -0.659418 20.800000
2.610815 -0.617964 20.800000
2.530499 -0.576533 20.800000
2.450063 -0.535336 20.800000
2.369516 -0.494358 20.800000
2.288865 -0.453584 20.800000
2.207950 -0.413337 20.800000
2.126842 -0.373481 20.800000
2.045543 -0.334015 20.800000
1.963813 -0.295450 20.800000
1.881835 -0.257418 20.800000
1.799613 -0.219915 20.800000
1.716931 -0.183434 20.800000
1.633939 -0.147671 20.800000
1.550673 -0.112549 20.800000
1.466979 -0.078454 20.800000
1.382975 -0.045137 20.800000
1.298727 -0.012440 20.800000
1.214124 0.019332 20.800000
1.129178 0.050170 20.800000
1.043987 0.080324 20.800000
0.958468 0.109539 20.800000
0.872568 0.137609 20.800000
0.786417 0.164895 20.800000
0.699963 0.191218 20.800000
0.613094 0.216129 20.800000
0.525974 0.240140 20.800000
0.438593 0.263199 20.800000
0.350769 0.284506 20.800000
0.262705 0.304774 20.800000
0.174399 0.323979 20.800000
0.085712 0.341346 20.800000
-0.003240 0.357271 20.800000
-0.092418 0.371877 20.800000
-0.181885 0.384632 20.800000
-0.271639 0.395133 20.800000
-0.361582 0.403786 20.800000
-0.451707 0.410387 20.800000
-0.542020 0.413652 20.800000
-0.632373 0.413549 20.800000
-0.722626 0.409721 20.800000
-0.812525 0.401036 20.800000
-0.901456 0.385447 20.800000
-0.987770 0.359217 20.800000
-1.056755 0.303820 20.800000
-1.007999 0.237730 20.800000
-0.925444 0.201185 20.800000
-0.840280 0.171026 20.800000
-0.754168 0.143645 20.800000
-0.667565 0.117827 20.800000
-0.580574 0.093339 20.800000
-0.493336 0.069751 20.800000
-0.405970 0.046641 20.800000
-0.318465 0.024057 20.800000
-0.230836 0.001964 20.800000
-0.143147 -0.019895 20.800000
-0.055389 -0.041473 20.800000
0.032427 -0.062812 20.800000
0.120271 -0.084040 20.800000
0.208147 -0.105130 20.800000
0.296042 -0.126144 20.800000
0.383942 -0.147136 20.800000
0.471842 -0.168132 20.800000
0.559734 -0.189155 20.800000
0.647620 -0.210206 20.800000
0.735488 -0.231331 20.800000
0.823336 -0.252540 20.800000
0.911169 -0.273812 20.800000
0.998970 -0.295217 20.800000
1.086744 -0.316729 20.800000
1.174497 -0.338328 20.800000
1.262200 -0.360127 20.800000
1.349872 -0.382054 20.800000
1.437514 -0.404097 20.800000
1.525088 -0.426414 20.800000
1.612620 -0.448890 20.800000
1.700109 -0.471534 20.800000
1.787503 -0.494542 20.800000
1.874841 -0.517761 20.800000
1.962116 -0.541215 20.800000
2.049266 -0.565133 20.800000
2.136344 -0.589308 20.800000
2.223339 -0.613781 20.800000
2.310189 -0.638765 20.800000
2.396953 -0.664043 20.800000
2.483616 -0.689666 20.800000
2.570087 -0.715933 20.800000
2.656436 -0.742594 20.800000
2.742642 -0.769714 20.800000
2.828607 -0.797591 20.800000
2.914453 -0.825828 20.800000
3.000143 -0.854541 20.800000
3.085652 -0.883786 20.800000
3.172354 -0.908939 20.800000
