2.991793 -0.985735 13.100000
2.918382 -0.940593 13.100000
2.842865 -0.898894 13.100000
2.767509 -0.856908 13.100000
2.692290 -0.814675 13.100000
2.617162 -0.772281 13.100000
2.542128 -0.729720 13.100000
2.467085 -0.687174 13.100000
2.392031 -0.644650 13.100000
2.316853 -0.602344 13.100000
2.241561 -0.560243 13.100000
2.166161 -0.518333 13.100000
2.090490 -0.476915 13.100000
2.014622 -0.435863 13.100000
1.938555 -0.395177 13.100000
1.862044 -0.355333 13.100000
1.785277 -0.315988 13.100000
1.708256 -0.277138 13.100000
1.630760 -0.239247 13.100000
1.552940 -0.202029 13.100000
1.474834 -0.165410 13.100000
1.396283 -0.129757 13.100000
1.317406 -0.094833 13.100000
1.238274 -0.060492 13.100000
1.158768 -0.027020 13.100000
1.078901 0.005574 13.100000
0.998774 0.037525 13.100000
0.918298 0.068593 13.100000
0.837417 0.098582 13.100000
0.756267 0.127834 13.100000
0.674792 0.156178 13.100000
0.592868 0.183191 13.100000
0.510671 0.209354 13.100000
0.428190 0.234620 13.100000
0.345220 0.258231 13.100000
0.261982 0.280861 13.100000
0.178474 0.302485 13.100000
0.094533 0.322370 13.100000
0.010287 0.340891 13.100000
-0.074225 0.358160 13.100000
-0.159083 0.373676 13.100000
-0.244298 0.387052 13.100000
-0.329763 0.398674 13.100000
-0.415477 0.408344 13.100000
-0.501497 0.414840 13.100000
-0.587681 0.418125 13.100000
-0.673907 0.417853 13.100000
-0.759979 0.412935 13.100000
-0.845387 0.401396 13.100000
-0.928696 0.379610 13.100000
-0.996568 0.329353 13.100000
-0.952539 0.264491 13.100000
-0.875166 0.226543 13.100000
-0.795064 0.194588 13.100000
-0.713955 0.165247 13.100000
-0.632319 0.137380 13.100000
-0.550263 0.110766 13.100000
-0.467938 0.085001 13.100000
-0.385472 0.059687 13.100000
-0.302855 0.034870 13.100000
-0.220100 0.010516 13.100000
-0.137280 -0.013617 13.100000
-0.054384 -0.037483 13.100000
0.028578 -0.061125 13.100000
0.111569 -0.084661 13.100000
0.194597 -0.108068 13.100000
0.277645 -0.131402 13.100000
0.360699 -0.154716 13.100000
0.443752 -0.178032 13.100000
0.526798 -0.201376 13.100000
0.609837 -0.224745 13.100000
0.692855 -0.248185 13.100000
0.775852 -0.271703 13.100000
0.858831 -0.295280 13.100000
0.941775 -0.318985 13.100000
1.024689 -0.342789 13.100000
1.107580 -0.366676 13.100000
1.190416 -0.390753 13.100000
1.273217 -0.414950 13.100000
1.355987 -0.439255 13.100000
1.438679 -0.463820 13.100000
1.521327 -0.488536 13.100000
1.603927 -0.513409 13.100000
1.686423 -0.538628 13.100000
1.768858 -0.564043 13.100000
1.851224 -0.589683 13.100000
1.933452 -0.615759 13.100000
2.015603 -0.642078 13.100000
2.097664 -0.668677 13.100000
2.179566 -0.695759 13.100000
2.261377 -0.723118 13.100000
2.343078 -0.750803 13.100000
2.424571 -0.779094 13.100000
2.505933 -0.807756 13.100000
2.587142 -0.836852 13.100000
2.668092 -0.866660 13.100000
2.748917 -0.896806 13.100000
2.829573 -0.927402 13.100000
2.910037 -0.958498 13.100000
2.991793 -0.985735 13.100000
