3.081537 -0.951185 17.000000
3.005519 -0.906395 17.000000
2.927412 -0.865172 17.000000
2.849463 -0.823650 17.000000
2.771650 -0.781874 17.000000
2.693928 -0.739930 17.000000
2.616298 -0.697815 17.000000
2.538660 -0.655714 17.000000
2.461010 -0.613637 17.000000
2.383238 -0.571784 17.000000
2.305353 -0.530144 17.000000
2.227362 -0.488702 17.000000
2.149102 -0.447768 17.000000
2.070647 -0.407213 17.000000
1.991997 -0.367035 17.000000
1.912908 -0.327729 17.000000
1.833566 -0.288939 17.000000
1.753975 -0.250661 17.000000
1.673915 -0.213372 17.000000
1.593537 -0.176779 17.000000
1.512878 -0.140806 17.000000
1.431781 -0.105829 17.000000
1.350366 -0.071604 17.000000
1.268700 -0.037982 17.000000
1.186669 -0.005256 17.000000
1.104284 0.026564 17.000000
1.021647 0.057721 17.000000
0.938669 0.087967 17.000000
0.855296 0.117101 17.000000
0.771664 0.145475 17.000000
0.687716 0.172914 17.000000
0.603334 0.198981 17.000000
0.518689 0.224174 17.000000
0.433771 0.248442 17.000000
0.348384 0.271006 17.000000
0.262742 0.292562 17.000000
0.176843 0.313082 17.000000
0.090534 0.331814 17.000000
0.003939 0.349144 17.000000
-0.082903 0.365188 17.000000
-0.170066 0.379429 17.000000
-0.257553 0.391474 17.000000
-0.345261 0.401718 17.000000
-0.433188 0.409960 17.000000
-0.521366 0.414946 17.000000
-0.609649 0.416642 17.000000
-0.697908 0.414697 17.000000
-0.785919 0.407999 17.000000
-0.873121 0.394536 17.000000
-0.957977 0.370624 17.000000
-1.026482 0.317868 17.000000
-0.980158 0.252324 17.000000
-0.900223 0.214976 17.000000
-0.817611 0.183815 17.000000
-0.734018 0.155349 17.000000
-0.649915 0.128401 17.000000
-0.565406 0.102745 17.000000
-0.480637 0.077962 17.000000
-0.395734 0.053645 17.000000
-0.310684 0.029839 17.000000
-0.225504 0.006509 17.000000
-0.140261 -0.016592 17.000000
-0.054944 -0.039420 17.000000
0.030435 -0.062017 17.000000
0.115842 -0.084505 17.000000
0.201284 -0.106859 17.000000
0.286745 -0.129139 17.000000
0.372213 -0.151398 17.000000
0.457679 -0.173660 17.000000
0.543138 -0.195949 17.000000
0.628590 -0.218265 17.000000
0.714023 -0.240654 17.000000
0.799436 -0.263123 17.000000
0.884831 -0.285653 17.000000
0.970193 -0.308314 17.000000
1.055527 -0.331078 17.000000
1.140838 -0.353927 17.000000
1.226097 -0.376971 17.000000
1.311322 -0.400139 17.000000
1.396517 -0.423418 17.000000
1.481638 -0.446965 17.000000
1.566716 -0.470667 17.000000
1.651749 -0.494531 17.000000
1.736681 -0.518750 17.000000
1.821555 -0.543173 17.000000
1.906363 -0.567825 17.000000
1.991038 -0.592928 17.000000
2.075639 -0.618281 17.000000
2.160153 -0.643922 17.000000
2.244514 -0.670061 17.000000
2.328786 -0.696484 17.000000
2.412953 -0.723243 17.000000
2.496918 -0.750627 17.000000
2.580757 -0.778394 17.000000
2.664447 -0.806607 17.000000
2.747886 -0.835554 17.000000
2.831203 -0.864851 17.000000
2.914356 -0.894609 17.000000
2.997323 -0.924885 17.000000
3.081537 -0.951185 17.000000
