2.832388 -0.988726 9.300000
2.767732 -0.936984 9.300000
2.702544 -0.885921 9.300000
2.635677 -0.837079 9.300000
2.567831 -0.789593 9.300000
2.499491 -0.742816 9.300000
2.430676 -0.696742 9.300000
2.361687 -0.650927 9.300000
2.292441 -0.605503 9.300000
2.222912 -0.560514 9.300000
2.153195 -0.515815 9.300000
2.083143 -0.471645 9.300000
2.012913 -0.427756 9.300000
1.942315 -0.384466 9.300000
1.871456 -0.341600 9.300000
1.800271 -0.299285 9.300000
1.728652 -0.257702 9.300000
1.656837 -0.216464 9.300000
1.584285 -0.176531 9.300000
1.511732 -0.136599 9.300000
1.438104 -0.098690 9.300000
1.364422 -0.060882 9.300000
1.289931 -0.024717 9.300000
1.215054 0.010665 9.300000
1.139718 0.045033 9.300000
1.063681 0.077848 9.300000
0.987514 0.110347 9.300000
0.910383 0.140501 9.300000
0.833252 0.170655 9.300000
0.755229 0.198402 9.300000
0.677064 0.225764 9.300000
0.598295 0.251294 9.300000
0.519185 0.275791 9.300000
0.439677 0.298910 9.300000
0.359709 0.320444 9.300000
0.279477 0.340915 9.300000
0.198761 0.359446 9.300000
0.117836 0.376978 9.300000
0.036467 0.392390 9.300000
-0.045113 0.406551 9.300000
-0.127038 0.418668 9.300000
-0.209211 0.428804 9.300000
-0.291588 0.437316 9.300000
-0.374233 0.442434 9.300000
-0.456961 0.445648 9.300000
-0.539776 0.445515 9.300000
-0.622436 0.440797 9.300000
-0.704667 0.431494 9.300000
-0.785854 0.415652 9.300000
-0.864439 0.390057 9.300000
-0.933673 0.345921 9.300000
-0.917940 0.274442 9.300000
-0.854439 0.221672 9.300000
-0.783636 0.178880 9.300000
-0.709640 0.141767 9.300000
-0.633693 0.108743 9.300000
-0.556370 0.079118 9.300000
-0.478509 0.050942 9.300000
-0.399925 0.024808 9.300000
-0.320943 -0.000071 9.300000
-0.241644 -0.023950 9.300000
-0.162057 -0.046832 9.300000
-0.082274 -0.069039 9.300000
-0.002356 -0.090749 9.300000
0.077727 -0.111846 9.300000
0.157832 -0.132863 9.300000
0.238075 -0.153344 9.300000
0.318319 -0.173824 9.300000
0.398594 -0.194177 9.300000
0.478887 -0.214466 9.300000
0.559177 -0.234762 9.300000
0.639450 -0.255127 9.300000
0.719723 -0.275491 9.300000
0.799960 -0.295996 9.300000
0.880146 -0.316701 9.300000
0.960332 -0.337407 9.300000
1.040418 -0.358493 9.300000
1.120457 -0.379755 9.300000
1.200497 -0.401017 9.300000
1.280342 -0.423000 9.300000
1.360174 -0.445032 9.300000
1.439947 -0.467268 9.300000
1.519501 -0.490284 9.300000
1.599054 -0.513300 9.300000
1.678425 -0.536931 9.300000
1.757635 -0.561100 9.300000
1.836846 -0.585268 9.300000
1.915644 -0.610748 9.300000
1.994423 -0.636290 9.300000
2.072928 -0.662648 9.300000
2.151169 -0.689792 9.300000
2.229258 -0.717358 9.300000
2.306855 -0.746293 9.300000
2.384312 -0.775588 9.300000
2.461090 -0.806628 9.300000
2.537492 -0.838559 9.300000
2.613198 -0.872130 9.300000
2.687715 -0.908240 9.300000
2.760962 -0.946840 9.300000
2.832388 -0.988726 9.300000
