2.992747 -0.706463 34.200000
2.917546 -0.668748 34.200000
2.840588 -0.634561 34.200000
2.763761 -0.600080 34.200000
2.687047 -0.565348 34.200000
2.610408 -0.530451 34.200000
2.533846 -0.495384 34.200000
2.457277 -0.460332 34.200000
2.380698 -0.425303 34.200000
2.304018 -0.390496 34.200000
2.227244 -0.355898 34.200000
2.150382 -0.321495 34.200000
2.073297 -0.287593 34.200000
1.996051 -0.254064 34.200000
1.918643 -0.220907 34.200000
1.840874 -0.188607 34.200000
1.762897 -0.156814 34.200000
1.684717 -0.125523 34.200000
1.606154 -0.095205 34.200000
1.527333 -0.065569 34.200000
1.448285 -0.036541 34.200000
1.368885 -0.008488 34.200000
1.289230 0.018828 34.200000
1.209375 0.045555 34.200000
1.129231 0.071406 34.200000
1.048808 0.096372 34.200000
0.968188 0.120692 34.200000
0.887303 0.144122 34.200000
0.806114 0.166469 34.200000
0.724726 0.188077 34.200000
0.643099 0.208775 34.200000
0.561147 0.228140 34.200000
0.479001 0.246656 34.200000
0.396655 0.264275 34.200000
0.313973 0.280243 34.200000
0.231113 0.295235 34.200000
0.148075 0.309225 34.200000
0.064762 0.321488 34.200000
-0.018733 0.332398 34.200000
-0.102380 0.342069 34.200000
-0.186216 0.350006 34.200000
-0.270219 0.355831 34.200000
-0.354317 0.359929 34.200000
-0.438493 0.362108 34.200000
-0.522698 0.361174 34.200000
-0.606793 0.357103 34.200000
-0.690629 0.349570 34.200000
-0.773924 0.337531 34.200000
-0.856013 0.319109 34.200000
-0.935198 0.290898 34.200000
-0.996971 0.236300 34.200000
-0.948683 0.176930 34.200000
-0.870235 0.146546 34.200000
-0.789639 0.122222 34.200000
-0.708283 0.100524 34.200000
-0.626539 0.080304 34.200000
-0.544493 0.061338 34.200000
-0.462256 0.043220 34.200000
-0.379920 0.025553 34.200000
-0.297479 0.008382 34.200000
-0.214943 -0.008327 34.200000
-0.132363 -0.024815 34.200000
-0.049731 -0.041039 34.200000
0.032946 -0.057037 34.200000
0.115643 -0.072932 34.200000
0.198364 -0.088696 34.200000
0.281099 -0.104389 34.200000
0.363838 -0.120061 34.200000
0.446577 -0.135736 34.200000
0.529310 -0.151438 34.200000
0.612039 -0.167165 34.200000
0.694754 -0.182963 34.200000
0.777454 -0.198838 34.200000
0.860143 -0.214774 34.200000
0.942807 -0.230835 34.200000
1.025452 -0.246996 34.200000
1.108081 -0.263240 34.200000
1.190672 -0.279672 34.200000
1.273240 -0.296225 34.200000
1.355785 -0.312886 34.200000
1.438278 -0.329805 34.200000
1.520740 -0.346875 34.200000
1.603170 -0.364102 34.200000
1.685526 -0.381674 34.200000
1.767840 -0.399443 34.200000
1.850106 -0.417434 34.200000
1.932275 -0.435863 34.200000
2.014389 -0.454534 34.200000
2.096439 -0.473485 34.200000
2.178376 -0.492919 34.200000
2.260246 -0.512630 34.200000
2.342038 -0.532667 34.200000
2.423678 -0.553312 34.200000
2.505223 -0.574328 34.200000
2.586655 -0.595780 34.200000
2.667896 -0.617945 34.200000
2.749042 -0.640450 34.200000
2.830063 -0.663406 34.200000
2.910940 -0.686865 34.200000
2.992747 -0.706463 34.200000
