3.136208 -0.751548 30.400000
3.057473 -0.711727 30.400000
2.976882 -0.675599 30.400000
2.896431 -0.639163 30.400000
2.816098 -0.602464 30.400000
2.735845 -0.565593 30.400000
2.655674 -0.528544 30.400000
2.575495 -0.491511 30.400000
2.495306 -0.454501 30.400000
2.415009 -0.417724 30.400000
2.334613 -0.381166 30.400000
2.254124 -0.344812 30.400000
2.173400 -0.308983 30.400000
2.092505 -0.273544 30.400000
2.011440 -0.238495 30.400000
1.929992 -0.204343 30.400000
1.848325 -0.170722 30.400000
1.766442 -0.137628 30.400000
1.684155 -0.105553 30.400000
1.601595 -0.074191 30.400000
1.518795 -0.043466 30.400000
1.435621 -0.013763 30.400000
1.352178 0.015168 30.400000
1.268523 0.043482 30.400000
1.184562 0.070879 30.400000
1.100305 0.097348 30.400000
1.015840 0.123140 30.400000
0.931093 0.148001 30.400000
0.846023 0.171726 30.400000
0.760742 0.194677 30.400000
0.675207 0.216674 30.400000
0.589327 0.237275 30.400000
0.503240 0.256985 30.400000
0.416940 0.275756 30.400000
0.330282 0.292797 30.400000
0.243434 0.308814 30.400000
0.156395 0.323781 30.400000
0.069062 0.336938 30.400000
-0.018466 0.348677 30.400000
-0.106159 0.359117 30.400000
-0.194055 0.367738 30.400000
-0.282135 0.374146 30.400000
-0.370320 0.378742 30.400000
-0.458595 0.381326 30.400000
-0.546910 0.380646 30.400000
-0.635121 0.376676 30.400000
-0.723073 0.369072 30.400000
-0.810473 0.356742 30.400000
-0.896632 0.337713 30.400000
-0.979779 0.308407 30.400000
-1.044759 0.251366 30.400000
-0.994326 0.188928 30.400000
-0.912159 0.156784 30.400000
-0.827719 0.130987 30.400000
-0.742472 0.107942 30.400000
-0.656813 0.086445 30.400000
-0.570832 0.066263 30.400000
-0.484648 0.046969 30.400000
-0.398360 0.028149 30.400000
-0.311959 0.009847 30.400000
-0.225457 -0.007970 30.400000
-0.138907 -0.025556 30.400000
-0.052302 -0.042864 30.400000
0.034350 -0.059936 30.400000
0.121024 -0.076899 30.400000
0.207724 -0.093727 30.400000
0.294439 -0.110479 30.400000
0.381158 -0.127209 30.400000
0.467876 -0.143942 30.400000
0.554589 -0.160704 30.400000
0.641297 -0.177492 30.400000
0.727990 -0.194354 30.400000
0.814668 -0.211297 30.400000
0.901333 -0.228304 30.400000
0.987973 -0.245442 30.400000
1.074591 -0.262685 30.400000
1.161192 -0.280014 30.400000
1.247754 -0.297541 30.400000
1.334290 -0.315194 30.400000
1.420802 -0.332961 30.400000
1.507259 -0.350999 30.400000
1.593682 -0.369194 30.400000
1.680070 -0.387554 30.400000
1.766382 -0.406275 30.400000
1.852647 -0.425203 30.400000
1.938862 -0.444364 30.400000
2.024973 -0.463984 30.400000
2.111026 -0.483857 30.400000
2.197010 -0.504024 30.400000
2.282875 -0.524697 30.400000
2.368668 -0.545660 30.400000
2.454378 -0.566965 30.400000
2.539927 -0.588906 30.400000
2.625375 -0.611237 30.400000
2.710702 -0.634024 30.400000
2.795827 -0.657559 30.400000
2.880851 -0.681450 30.400000
2.965742 -0.705813 30.400000
3.050480 -0.730704 30.400000
3.136208 -0.751548 30.400000
