3.125270 -0.795808 26.500000
3.047106 -0.754878 26.500000
2.967034 -0.717615 26.500000
2.887106 -0.680045 26.500000
2.807300 -0.642215 26.500000
2.727576 -0.604212 26.500000
2.647936 -0.566034 26.500000
2.568289 -0.527871 26.500000
2.488631 -0.489731 26.500000
2.408862 -0.451822 26.500000
2.328991 -0.414131 26.500000
2.249024 -0.376643 26.500000
2.168815 -0.339677 26.500000
2.088429 -0.303098 26.500000
2.007867 -0.266906 26.500000
1.926910 -0.231606 26.500000
1.845727 -0.196835 26.500000
1.764320 -0.162586 26.500000
1.682494 -0.129350 26.500000
1.600386 -0.096825 26.500000
1.518028 -0.064932 26.500000
1.435283 -0.034057 26.500000
1.352257 -0.003949 26.500000
1.269011 0.025545 26.500000
1.185445 0.054126 26.500000
1.101572 0.081784 26.500000
1.017479 0.108767 26.500000
0.933092 0.134823 26.500000
0.848366 0.159749 26.500000
0.763418 0.183903 26.500000
0.678203 0.207107 26.500000
0.592622 0.228920 26.500000
0.506823 0.249845 26.500000
0.420797 0.269834 26.500000
0.334388 0.288098 26.500000
0.247775 0.305342 26.500000
0.160956 0.321538 26.500000
0.073819 0.335928 26.500000
-0.013535 0.348904 26.500000
-0.101072 0.360582 26.500000
-0.188837 0.370445 26.500000
-0.276817 0.378097 26.500000
-0.364929 0.383940 26.500000
-0.453158 0.387771 26.500000
-0.541474 0.388340 26.500000
-0.629732 0.385617 26.500000
-0.717783 0.379257 26.500000
-0.805349 0.368164 26.500000
-0.891768 0.350355 26.500000
-0.975321 0.322227 26.500000
-1.041101 0.266110 26.500000
-0.991556 0.202966 26.500000
-0.909852 0.169664 26.500000
-0.825784 0.142675 26.500000
-0.740872 0.118427 26.500000
-0.655526 0.095722 26.500000
-0.569838 0.074326 26.500000
-0.483936 0.053816 26.500000
-0.397922 0.033777 26.500000
-0.311788 0.014256 26.500000
-0.225547 -0.004782 26.500000
-0.139255 -0.023589 26.500000
-0.052903 -0.042120 26.500000
0.033499 -0.060416 26.500000
0.119925 -0.078603 26.500000
0.206378 -0.096654 26.500000
0.292848 -0.114630 26.500000
0.379322 -0.132584 26.500000
0.465795 -0.150542 26.500000
0.552262 -0.168528 26.500000
0.638724 -0.186540 26.500000
0.725170 -0.204626 26.500000
0.811600 -0.222793 26.500000
0.898016 -0.241023 26.500000
0.984404 -0.259384 26.500000
1.070770 -0.277850 26.500000
1.157118 -0.296401 26.500000
1.243423 -0.315150 26.500000
1.329700 -0.334025 26.500000
1.415953 -0.353013 26.500000
1.502146 -0.372271 26.500000
1.588303 -0.391686 26.500000
1.674424 -0.411266 26.500000
1.760462 -0.431205 26.500000
1.846451 -0.451351 26.500000
1.932386 -0.471729 26.500000
2.018211 -0.492564 26.500000
2.103975 -0.513651 26.500000
2.189666 -0.535032 26.500000
2.275229 -0.556917 26.500000
2.360718 -0.579091 26.500000
2.446118 -0.601605 26.500000
2.531348 -0.624753 26.500000
2.616471 -0.648290 26.500000
2.701469 -0.672281 26.500000
2.786252 -0.697017 26.500000
2.870930 -0.722108 26.500000
2.955468 -0.747669 26.500000
3.039846 -0.773755 26.500000
3.125270 -0.795808 26.500000
