3.181591 -0.876058 22.700000
3.102435 -0.832635 22.700000
3.021254 -0.792927 22.700000
2.940226 -0.752907 22.700000
2.859329 -0.712624 22.700000
2.778519 -0.672166 22.700000
2.697799 -0.631530 22.700000
2.617070 -0.590910 22.700000
2.536330 -0.550312 22.700000
2.455473 -0.509950 22.700000
2.374506 -0.469808 22.700000
2.293437 -0.429871 22.700000
2.212109 -0.390463 22.700000
2.130594 -0.351449 22.700000
2.048891 -0.312827 22.700000
1.966766 -0.275110 22.700000
1.884399 -0.237928 22.700000
1.801793 -0.201278 22.700000
1.718738 -0.165655 22.700000
1.635380 -0.130753 22.700000
1.551754 -0.096494 22.700000
1.467712 -0.063267 22.700000
1.383368 -0.030821 22.700000
1.298786 0.001002 22.700000
1.213859 0.031897 22.700000
1.128598 0.061854 22.700000
1.043100 0.091125 22.700000
0.957283 0.119453 22.700000
0.871097 0.146632 22.700000
0.784668 0.173025 22.700000
0.697947 0.198452 22.700000
0.610824 0.222463 22.700000
0.523461 0.245571 22.700000
0.435846 0.267724 22.700000
0.347806 0.288121 22.700000
0.259537 0.307477 22.700000
0.171037 0.325766 22.700000
0.082174 0.342214 22.700000
-0.006937 0.357219 22.700000
-0.096262 0.370900 22.700000
-0.185856 0.382729 22.700000
-0.275714 0.392300 22.700000
-0.365742 0.400022 22.700000
-0.455930 0.405690 22.700000
-0.546272 0.408020 22.700000
-0.636620 0.406982 22.700000
-0.726827 0.402220 22.700000
-0.816632 0.392605 22.700000
-0.905397 0.376097 22.700000
-0.991435 0.348975 22.700000
-1.059843 0.292866 22.700000
-1.010406 0.227285 22.700000
-0.927477 0.191596 22.700000
-0.842005 0.162321 22.700000
-0.755614 0.135832 22.700000
-0.668749 0.110912 22.700000
-0.581509 0.087326 22.700000
-0.494032 0.064641 22.700000
-0.406431 0.042437 22.700000
-0.318697 0.020760 22.700000
-0.230844 -0.000425 22.700000
-0.142934 -0.021376 22.700000
-0.054957 -0.042044 22.700000
0.033076 -0.062473 22.700000
0.121134 -0.082791 22.700000
0.209224 -0.102971 22.700000
0.297332 -0.123074 22.700000
0.385444 -0.143155 22.700000
0.473556 -0.163239 22.700000
0.561662 -0.183352 22.700000
0.649761 -0.203492 22.700000
0.737843 -0.223707 22.700000
0.825906 -0.244005 22.700000
0.913954 -0.264367 22.700000
1.001972 -0.284862 22.700000
1.089964 -0.305464 22.700000
1.177936 -0.326154 22.700000
1.265860 -0.347045 22.700000
1.353754 -0.368063 22.700000
1.441620 -0.389198 22.700000
1.529419 -0.410607 22.700000
1.617179 -0.432176 22.700000
1.704898 -0.453913 22.700000
1.792525 -0.476016 22.700000
1.880099 -0.498329 22.700000
1.967613 -0.520879 22.700000
2.055005 -0.543894 22.700000
2.142328 -0.567167 22.700000
2.229572 -0.590738 22.700000
2.316676 -0.614822 22.700000
2.403697 -0.639200 22.700000
2.490621 -0.663925 22.700000
2.577359 -0.689295 22.700000
2.663979 -0.715061 22.700000
2.750461 -0.741288 22.700000
2.836710 -0.768274 22.700000
2.922844 -0.795620 22.700000
3.008826 -0.823445 22.700000
3.094633 -0.851804 22.700000
3.181591 -0.876058 22.700000
