2.916608 -0.702423 36.100000
2.843408 -0.665298 36.100000
2.768478 -0.631605 36.100000
2.693678 -0.597626 36.100000
2.618989 -0.563404 36.100000
2.544374 -0.529020 36.100000
2.469835 -0.494471 36.100000
2.395289 -0.459937 36.100000
2.320733 -0.425425 36.100000
2.246078 -0.391129 36.100000
2.171329 -0.357036 36.100000
2.096494 -0.323134 36.100000
2.021440 -0.289719 36.100000
1.946226 -0.256668 36.100000
1.870854 -0.223978 36.100000
1.795124 -0.192123 36.100000
1.719191 -0.160762 36.100000
1.643056 -0.129891 36.100000
1.566543 -0.099966 36.100000
1.489776 -0.070705 36.100000
1.412785 -0.042036 36.100000
1.335446 -0.014318 36.100000
1.257855 0.012683 36.100000
1.180067 0.039110 36.100000
1.101992 0.064684 36.100000
1.023642 0.089395 36.100000
0.945096 0.113477 36.100000
0.866288 0.136692 36.100000
0.787179 0.158852 36.100000
0.707872 0.180292 36.100000
0.628328 0.200844 36.100000
0.548461 0.220099 36.100000
0.468402 0.238525 36.100000
0.388142 0.256077 36.100000
0.307548 0.272020 36.100000
0.226776 0.287012 36.100000
0.145825 0.301027 36.100000
0.064600 0.313358 36.100000
-0.016810 0.324370 36.100000
-0.098374 0.334174 36.100000
-0.180128 0.342287 36.100000
-0.262056 0.348341 36.100000
-0.344084 0.352709 36.100000
-0.426197 0.355206 36.100000
-0.508352 0.354666 36.100000
-0.590412 0.351066 36.100000
-0.672236 0.344086 36.100000
-0.753551 0.332709 36.100000
-0.833719 0.315098 36.100000
-0.911097 0.287924 36.100000
-0.971602 0.234931 36.100000
-0.924754 0.176797 36.100000
-0.848354 0.146809 36.100000
-0.769832 0.122722 36.100000
-0.690557 0.101195 36.100000
-0.610897 0.081107 36.100000
-0.530936 0.062242 36.100000
-0.450786 0.044204 36.100000
-0.370537 0.026605 36.100000
-0.290184 0.009489 36.100000
-0.209736 -0.007176 36.100000
-0.129243 -0.023626 36.100000
-0.048698 -0.039818 36.100000
0.031890 -0.055791 36.100000
0.112499 -0.071662 36.100000
0.193133 -0.087407 36.100000
0.273780 -0.103082 36.100000
0.354431 -0.118736 36.100000
0.435082 -0.134394 36.100000
0.515727 -0.150077 36.100000
0.596368 -0.165786 36.100000
0.676995 -0.181562 36.100000
0.757607 -0.197415 36.100000
0.838208 -0.213327 36.100000
0.918785 -0.229361 36.100000
0.999342 -0.245492 36.100000
1.079883 -0.261703 36.100000
1.160386 -0.278099 36.100000
1.240866 -0.294612 36.100000
1.321324 -0.311230 36.100000
1.401730 -0.328101 36.100000
1.482104 -0.345118 36.100000
1.562446 -0.362288 36.100000
1.642716 -0.379794 36.100000
1.722943 -0.397493 36.100000
1.803122 -0.415408 36.100000
1.883205 -0.433749 36.100000
1.963233 -0.452327 36.100000
2.043197 -0.471178 36.100000
2.123049 -0.490499 36.100000
2.202835 -0.510090 36.100000
2.282543 -0.529999 36.100000
2.362100 -0.550500 36.100000
2.441562 -0.571363 36.100000
2.520913 -0.592650 36.100000
2.600073 -0.614633 36.100000
2.679141 -0.636947 36.100000
2.758083 -0.659700 36.100000
2.836883 -0.682943 36.100000
2.916608 -0.702423 36.100000
