3.190223 -0.844085 24.600000
3.110635 -0.801459 24.600000
3.029059 -0.762567 24.600000
2.947634 -0.723363 24.600000
2.866337 -0.683894 24.600000
2.785125 -0.644249 24.600000
2.704001 -0.604425 24.600000
2.622869 -0.564616 24.600000
2.541725 -0.524832 24.600000
2.460467 -0.485282 24.600000
2.379101 -0.445955 24.600000
2.297635 -0.406834 24.600000
2.215917 -0.368244 24.600000
2.134014 -0.330050 24.600000
2.051927 -0.292249 24.600000
1.969428 -0.255359 24.600000
1.886691 -0.219005 24.600000
1.803722 -0.183186 24.600000
1.720314 -0.148398 24.600000
1.636610 -0.114335 24.600000
1.552645 -0.080916 24.600000
1.468273 -0.048535 24.600000
1.383607 -0.016937 24.600000
1.298710 0.014036 24.600000
1.213477 0.044077 24.600000
1.127921 0.073177 24.600000
1.042133 0.101588 24.600000
0.956036 0.129054 24.600000
0.869581 0.155367 24.600000
0.782892 0.180891 24.600000
0.695920 0.205446 24.600000
0.608561 0.228582 24.600000
0.520970 0.250811 24.600000
0.433137 0.272084 24.600000
0.344897 0.291597 24.600000
0.256438 0.310066 24.600000
0.167759 0.327466 24.600000
0.078736 0.343022 24.600000
-0.010522 0.357131 24.600000
-0.099979 0.369916 24.600000
-0.189688 0.380844 24.600000
-0.279637 0.389513 24.600000
-0.369738 0.396332 24.600000
-0.459979 0.401094 24.600000
-0.550339 0.402517 24.600000
-0.640672 0.400573 24.600000
-0.730827 0.394906 24.600000
-0.820531 0.384390 24.600000
-0.909126 0.366992 24.600000
-0.994887 0.339008 24.600000
-1.062728 0.282216 24.600000
-1.012636 0.217133 24.600000
-0.929353 0.182279 24.600000
-0.843591 0.153862 24.600000
-0.756939 0.128242 24.600000
-0.669828 0.104195 24.600000
-0.582356 0.081485 24.600000
-0.494656 0.059680 24.600000
-0.406836 0.038356 24.600000
-0.318889 0.017561 24.600000
-0.230828 -0.002742 24.600000
-0.142712 -0.022809 24.600000
-0.054532 -0.042593 24.600000
0.033701 -0.062138 24.600000
0.121959 -0.081571 24.600000
0.210247 -0.100866 24.600000
0.298552 -0.120084 24.600000
0.386862 -0.139279 24.600000
0.475171 -0.158479 24.600000
0.563474 -0.177706 24.600000
0.651770 -0.196961 24.600000
0.740051 -0.216291 24.600000
0.828313 -0.235704 24.600000
0.916561 -0.255181 24.600000
1.004780 -0.274793 24.600000
1.092974 -0.294511 24.600000
1.181149 -0.314316 24.600000
1.269279 -0.334324 24.600000
1.357379 -0.354459 24.600000
1.445453 -0.374711 24.600000
1.533463 -0.395238 24.600000
1.621435 -0.415925 24.600000
1.709367 -0.436781 24.600000
1.797212 -0.458003 24.600000
1.885005 -0.479436 24.600000
1.972741 -0.501107 24.600000
2.060359 -0.523244 24.600000
2.147912 -0.545639 24.600000
2.235388 -0.568333 24.600000
2.322729 -0.591542 24.600000
2.409991 -0.615046 24.600000
2.497158 -0.638897 24.600000
2.584146 -0.663395 24.600000
2.671021 -0.688290 24.600000
2.757762 -0.713648 24.600000
2.844277 -0.739767 24.600000
2.930682 -0.766248 24.600000
3.016938 -0.793208 24.600000
3.103026 -0.820705 24.600000
3.190223 -0.844085 24.600000
