3.223752 -1.228790 3.600000
3.142322 -1.177932 3.600000
3.061162 -1.126611 3.600000
2.980124 -1.075098 3.600000
2.899249 -1.023329 3.600000
2.818596 -0.971213 3.600000
2.738233 -0.918654 3.600000
2.658131 -0.865697 3.600000
2.578244 -0.812415 3.600000
2.498500 -0.758921 3.600000
2.418840 -0.705301 3.600000
2.339214 -0.651631 3.600000
2.259506 -0.598083 3.600000
2.179671 -0.544724 3.600000
2.099681 -0.491599 3.600000
2.019455 -0.438829 3.600000
1.938848 -0.386645 3.600000
1.857970 -0.334883 3.600000
1.776721 -0.283703 3.600000
1.694925 -0.233404 3.600000
1.612810 -0.183629 3.600000
1.530159 -0.134746 3.600000
1.446919 -0.086878 3.600000
1.363313 -0.039651 3.600000
1.278879 0.006085 3.600000
1.193896 0.050779 3.600000
1.108464 0.094621 3.600000
1.021962 0.136311 3.600000
0.934975 0.176960 3.600000
0.847326 0.216184 3.600000
0.758722 0.253187 3.600000
0.669579 0.288854 3.600000
0.579668 0.322569 3.600000
0.488860 0.353767 3.600000
0.397536 0.383408 3.600000
0.305626 0.411218 3.600000
0.212973 0.436431 3.600000
0.119876 0.459917 3.600000
0.026322 0.481528 3.600000
-0.067743 0.500830 3.600000
-0.162325 0.517393 3.600000
-0.257280 0.531615 3.600000
-0.352587 0.543217 3.600000
-0.448211 0.551818 3.600000
-0.544083 0.556893 3.600000
-0.640082 0.557813 3.600000
-0.735993 0.553795 3.600000
-0.831456 0.543727 3.600000
-0.925221 0.523473 3.600000
-1.013427 0.486613 3.600000
-1.072403 0.414010 3.600000
-1.053364 0.322611 3.600000
-0.995338 0.246450 3.600000
-0.925434 0.180699 3.600000
-0.850443 0.120765 3.600000
-0.772062 0.065310 3.600000
-0.691626 0.012878 3.600000
-0.609628 -0.037079 3.600000
-0.526372 -0.084916 3.600000
-0.442095 -0.130941 3.600000
-0.356728 -0.174910 3.600000
-0.270579 -0.217316 3.600000
-0.183750 -0.258308 3.600000
-0.096316 -0.298001 3.600000
-0.008153 -0.336054 3.600000
0.080673 -0.372522 3.600000
0.169982 -0.407786 3.600000
0.259831 -0.441666 3.600000
0.350423 -0.473501 3.600000
0.441408 -0.504178 3.600000
0.532867 -0.533436 3.600000
0.624891 -0.560852 3.600000
0.717173 -0.587387 3.600000
0.809823 -0.612621 3.600000
0.902794 -0.636634 3.600000
0.995935 -0.659987 3.600000
1.089369 -0.682143 3.600000
1.182958 -0.703626 3.600000
1.276659 -0.724622 3.600000
1.370564 -0.744691 3.600000
1.464534 -0.764446 3.600000
1.558587 -0.783806 3.600000
1.652720 -0.802773 3.600000
1.746872 -0.821645 3.600000
1.841042 -0.840431 3.600000
1.935177 -0.859386 3.600000
2.029268 -0.878563 3.600000
2.123300 -0.898022 3.600000
2.217195 -0.918134 3.600000
2.310946 -0.938905 3.600000
2.404526 -0.960429 3.600000
2.497894 -0.982856 3.600000
2.591001 -1.006345 3.600000
2.683767 -1.031150 3.600000
2.776204 -1.057154 3.600000
2.868214 -1.084625 3.600000
2.959338 -1.114880 3.600000
3.049003 -1.149196 3.600000
3.136900 -1.187834 3.600000
3.223752 -1.228790 3.600000
