2.836689 -0.713317 38.000000
2.765685 -0.676406 38.000000
2.692962 -0.642825 38.000000
2.620367 -0.608967 38.000000
2.547883 -0.574872 38.000000
2.475473 -0.540621 38.000000
2.403138 -0.506210 38.000000
2.330797 -0.471812 38.000000
2.258446 -0.437436 38.000000
2.185996 -0.403270 38.000000
2.113452 -0.369301 38.000000
2.040823 -0.335517 38.000000
1.967975 -0.302207 38.000000
1.894968 -0.269248 38.000000
1.821803 -0.236641 38.000000
1.748282 -0.204845 38.000000
1.674557 -0.173527 38.000000
1.600630 -0.142686 38.000000
1.526327 -0.112763 38.000000
1.451768 -0.083485 38.000000
1.376986 -0.054783 38.000000
1.301855 -0.027003 38.000000
1.226471 0.000079 38.000000
1.150889 0.026604 38.000000
1.075020 0.052300 38.000000
0.998874 0.077158 38.000000
0.922531 0.101403 38.000000
0.845924 0.124807 38.000000
0.769012 0.147185 38.000000
0.691902 0.168862 38.000000
0.614551 0.189676 38.000000
0.536872 0.209228 38.000000
0.458998 0.227975 38.000000
0.380921 0.245871 38.000000
0.302501 0.262202 38.000000
0.223898 0.277607 38.000000
0.145113 0.292062 38.000000
0.066042 0.304878 38.000000
-0.013220 0.316409 38.000000
-0.092645 0.326764 38.000000
-0.172273 0.335472 38.000000
-0.252089 0.342175 38.000000
-0.332020 0.347235 38.000000
-0.412052 0.350471 38.000000
-0.492154 0.350748 38.000000
-0.572194 0.348039 38.000000
-0.652037 0.342033 38.000000
-0.731426 0.331735 38.000000
-0.809758 0.315348 38.000000
-0.885462 0.289611 38.000000
-0.944970 0.238536 38.000000
-0.899864 0.181401 38.000000
-0.825670 0.151417 38.000000
-0.749350 0.127167 38.000000
-0.672271 0.105405 38.000000
-0.594803 0.085043 38.000000
-0.517029 0.065869 38.000000
-0.439062 0.047500 38.000000
-0.360996 0.029558 38.000000
-0.282822 0.012086 38.000000
-0.204552 -0.004948 38.000000
-0.126236 -0.021772 38.000000
-0.047867 -0.038345 38.000000
0.030547 -0.054705 38.000000
0.108981 -0.070966 38.000000
0.187441 -0.087104 38.000000
0.265915 -0.103174 38.000000
0.344393 -0.119224 38.000000
0.422871 -0.135277 38.000000
0.501343 -0.151355 38.000000
0.579810 -0.167458 38.000000
0.658264 -0.183627 38.000000
0.736702 -0.199870 38.000000
0.815128 -0.216170 38.000000
0.893530 -0.232590 38.000000
0.971911 -0.249104 38.000000
1.050277 -0.265696 38.000000
1.128604 -0.282467 38.000000
1.206906 -0.299352 38.000000
1.285186 -0.316341 38.000000
1.363413 -0.333574 38.000000
1.441608 -0.350950 38.000000
1.519770 -0.368475 38.000000
1.597858 -0.386326 38.000000
1.675903 -0.404365 38.000000
1.753898 -0.422615 38.000000
1.831796 -0.441279 38.000000
1.909638 -0.460172 38.000000
1.987415 -0.479332 38.000000
2.065078 -0.498949 38.000000
2.142674 -0.518829 38.000000
2.220191 -0.539018 38.000000
2.297555 -0.559782 38.000000
2.374823 -0.580899 38.000000
2.451978 -0.602428 38.000000
2.528941 -0.624633 38.000000
2.605810 -0.647161 38.000000
2.682553 -0.670115 38.000000
2.759151 -0.693546 38.000000
2.836689 -0.713317 38.000000
