3.090928 -0.920212 18.900000
3.014464 -0.876188 18.900000
2.935947 -0.835750 18.900000
2.857585 -0.795012 18.900000
2.779357 -0.754020 18.900000
2.701218 -0.712858 18.900000
2.623169 -0.671524 18.900000
2.545113 -0.630205 18.900000
2.467044 -0.588908 18.900000
2.388856 -0.547838 18.900000
2.310557 -0.506982 18.900000
2.232154 -0.466324 18.900000
2.153488 -0.426178 18.900000
2.074630 -0.386412 18.900000
1.995580 -0.347026 18.900000
1.916101 -0.308516 18.900000
1.836374 -0.270524 18.900000
1.756402 -0.233046 18.900000
1.675972 -0.196563 18.900000
1.595231 -0.160778 18.900000
1.514215 -0.125616 18.900000
1.432771 -0.091455 18.900000
1.351016 -0.058049 18.900000
1.269017 -0.025248 18.900000
1.186662 0.006653 18.900000
1.103962 0.037645 18.900000
1.021016 0.067971 18.900000
0.937739 0.097382 18.900000
0.854078 0.125678 18.900000
0.770165 0.153212 18.900000
0.685946 0.179806 18.900000
0.601307 0.205026 18.900000
0.516413 0.229368 18.900000
0.431256 0.252782 18.900000
0.345647 0.274489 18.900000
0.259793 0.295184 18.900000
0.173692 0.314841 18.900000
0.087200 0.332706 18.900000
0.000435 0.349166 18.900000
-0.086564 0.364337 18.900000
-0.173865 0.377704 18.900000
-0.261468 0.388870 18.900000
-0.349275 0.398233 18.900000
-0.437281 0.405592 18.900000
-0.525503 0.409693 18.900000
-0.613800 0.410503 18.900000
-0.702035 0.407672 18.900000
-0.789974 0.400091 18.900000
-0.877036 0.385754 18.900000
-0.961648 0.360992 18.900000
-1.029620 0.307551 18.900000
-0.982641 0.242475 18.900000
-0.902335 0.205931 18.900000
-0.819415 0.175601 18.900000
-0.735540 0.147975 18.900000
-0.651171 0.121873 18.900000
-0.566408 0.097065 18.900000
-0.481395 0.073135 18.900000
-0.396252 0.049671 18.900000
-0.310968 0.026719 18.900000
-0.225558 0.004246 18.900000
-0.140087 -0.017999 18.900000
-0.054546 -0.039970 18.900000
0.031055 -0.061708 18.900000
0.116684 -0.083338 18.900000
0.202346 -0.104834 18.900000
0.288027 -0.126255 18.900000
0.373713 -0.147655 18.900000
0.459399 -0.169058 18.900000
0.545077 -0.190489 18.900000
0.630749 -0.211946 18.900000
0.716403 -0.233476 18.900000
0.802036 -0.255087 18.900000
0.887653 -0.276759 18.900000
0.973238 -0.298562 18.900000
1.058796 -0.320468 18.900000
1.144332 -0.342460 18.900000
1.229818 -0.364647 18.900000
1.315271 -0.386959 18.900000
1.400695 -0.409382 18.900000
1.486049 -0.432073 18.900000
1.571360 -0.454920 18.900000
1.656628 -0.477930 18.900000
1.741800 -0.501296 18.900000
1.826914 -0.524865 18.900000
1.911965 -0.548665 18.900000
1.996888 -0.572917 18.900000
2.081739 -0.597419 18.900000
2.166506 -0.622212 18.900000
2.251125 -0.647502 18.900000
2.335658 -0.673079 18.900000
2.420089 -0.698992 18.900000
2.504325 -0.725532 18.900000
2.588438 -0.752456 18.900000
2.672408 -0.779828 18.900000
2.756133 -0.807936 18.900000
2.839740 -0.836395 18.900000
2.923187 -0.865317 18.900000
3.006454 -0.894758 18.900000
3.090928 -0.920212 18.900000
