3.072213 -0.980882 15.100000
2.996631 -0.935361 15.100000
2.918925 -0.893385 15.100000
2.841381 -0.851113 15.100000
2.763975 -0.808588 15.100000
2.686661 -0.765896 15.100000
2.609441 -0.723033 15.100000
2.532213 -0.680186 15.100000
2.454973 -0.637360 15.100000
2.377609 -0.594759 15.100000
2.300129 -0.552369 15.100000
2.222541 -0.510176 15.100000
2.144681 -0.468489 15.100000
2.066621 -0.427179 15.100000
1.988362 -0.386244 15.100000
1.909656 -0.346177 15.100000
1.830692 -0.306622 15.100000
1.751474 -0.267578 15.100000
1.671778 -0.229518 15.100000
1.591756 -0.192151 15.100000
1.511449 -0.155401 15.100000
1.430693 -0.119642 15.100000
1.349612 -0.084634 15.100000
1.268274 -0.050225 15.100000
1.186563 -0.016709 15.100000
1.104489 0.015905 15.100000
1.022156 0.047858 15.100000
0.939474 0.078903 15.100000
0.856387 0.108841 15.100000
0.773032 0.138020 15.100000
0.689353 0.166268 15.100000
0.605226 0.193149 15.100000
0.520829 0.219157 15.100000
0.436148 0.244243 15.100000
0.350984 0.267631 15.100000
0.265554 0.290012 15.100000
0.179857 0.311360 15.100000
0.093733 0.330925 15.100000
0.007309 0.349090 15.100000
-0.079375 0.365971 15.100000
-0.166396 0.381053 15.100000
-0.253762 0.393942 15.100000
-0.341368 0.405032 15.100000
-0.429211 0.414121 15.100000
-0.517336 0.419959 15.100000
-0.605600 0.422507 15.100000
-0.693873 0.421413 15.100000
-0.781944 0.415565 15.100000
-0.869273 0.402944 15.100000
-0.954355 0.379853 15.100000
-1.023366 0.327761 15.100000
-0.977678 0.261773 15.100000
-0.898106 0.223654 15.100000
-0.815799 0.191698 15.100000
-0.732485 0.162426 15.100000
-0.648645 0.134668 15.100000
-0.564388 0.108197 15.100000
-0.479862 0.082597 15.100000
-0.395197 0.057462 15.100000
-0.310382 0.032836 15.100000
-0.225430 0.008685 15.100000
-0.140414 -0.015238 15.100000
-0.055322 -0.038888 15.100000
0.029835 -0.062307 15.100000
0.115021 -0.085619 15.100000
0.200243 -0.108797 15.100000
0.285486 -0.131901 15.100000
0.370734 -0.154983 15.100000
0.455981 -0.178069 15.100000
0.541221 -0.201182 15.100000
0.626454 -0.224322 15.100000
0.711668 -0.247534 15.100000
0.796859 -0.270826 15.100000
0.882033 -0.294180 15.100000
0.967172 -0.317664 15.100000
1.052282 -0.341250 15.100000
1.137369 -0.364921 15.100000
1.222401 -0.388787 15.100000
1.307399 -0.412776 15.100000
1.392365 -0.436877 15.100000
1.477255 -0.461244 15.100000
1.562100 -0.485766 15.100000
1.646899 -0.510450 15.100000
1.731594 -0.535488 15.100000
1.816228 -0.560728 15.100000
1.900794 -0.586198 15.100000
1.985223 -0.612117 15.100000
2.069575 -0.638285 15.100000
2.153837 -0.664741 15.100000
2.237942 -0.691692 15.100000
2.321955 -0.718928 15.100000
2.405860 -0.746498 15.100000
2.489557 -0.774691 15.100000
2.573124 -0.803266 15.100000
2.656538 -0.832286 15.100000
2.739694 -0.862037 15.100000
2.822724 -0.892136 15.100000
2.905586 -0.922696 15.100000
2.988257 -0.953770 15.100000
3.072213 -0.980882 15.100000
