2.532643 -0.935798 5.500000
2.475305 -0.888186 5.500000
2.417475 -0.841176 5.500000
2.358100 -0.796137 5.500000
2.297822 -0.752303 5.500000
2.237087 -0.709099 5.500000
2.175913 -0.666518 5.500000
2.114579 -0.624170 5.500000
2.053007 -0.582167 5.500000
1.991173 -0.540552 5.500000
1.929165 -0.499196 5.500000
1.866848 -0.458309 5.500000
1.804365 -0.417672 5.500000
1.741542 -0.377569 5.500000
1.678477 -0.337843 5.500000
1.615109 -0.298607 5.500000
1.551339 -0.260023 5.500000
1.487387 -0.221747 5.500000
1.422751 -0.184632 5.500000
1.358114 -0.147518 5.500000
1.292476 -0.112208 5.500000
1.226788 -0.076987 5.500000
1.160346 -0.043232 5.500000
1.093543 -0.010175 5.500000
1.026312 0.021977 5.500000
0.958423 0.052743 5.500000
0.890413 0.083227 5.500000
0.821497 0.111616 5.500000
0.752581 0.140005 5.500000
0.682824 0.166243 5.500000
0.612932 0.192137 5.500000
0.542467 0.216391 5.500000
0.471678 0.239723 5.500000
0.400508 0.261820 5.500000
0.328900 0.282499 5.500000
0.257036 0.302226 5.500000
0.184705 0.320214 5.500000
0.112169 0.337307 5.500000
0.039200 0.352500 5.500000
-0.033980 0.366570 5.500000
-0.107502 0.378807 5.500000
-0.181281 0.389265 5.500000
-0.255270 0.398265 5.500000
-0.329555 0.404216 5.500000
-0.403945 0.408454 5.500000
-0.478470 0.409681 5.500000
-0.552928 0.406781 5.500000
-0.627075 0.399748 5.500000
-0.700389 0.386814 5.500000
-0.771521 0.365060 5.500000
-0.834539 0.326471 5.500000
-0.821545 0.261894 5.500000
-0.765262 0.213376 5.500000
-0.702247 0.173718 5.500000
-0.636265 0.139117 5.500000
-0.568461 0.108165 5.500000
-0.499364 0.080248 5.500000
-0.429759 0.053627 5.500000
-0.359470 0.028831 5.500000
-0.288802 0.005159 5.500000
-0.217834 -0.017619 5.500000
-0.146589 -0.039505 5.500000
-0.075158 -0.060787 5.500000
-0.003597 -0.081622 5.500000
0.068123 -0.101910 5.500000
0.139863 -0.122125 5.500000
0.211737 -0.141861 5.500000
0.283611 -0.161596 5.500000
0.355517 -0.181217 5.500000
0.427437 -0.200781 5.500000
0.499357 -0.220350 5.500000
0.571259 -0.239982 5.500000
0.643162 -0.259613 5.500000
0.715030 -0.279370 5.500000
0.786848 -0.299307 5.500000
0.858667 -0.319243 5.500000
0.930389 -0.339521 5.500000
1.002067 -0.359956 5.500000
1.073745 -0.380392 5.500000
1.145236 -0.401472 5.500000
1.216714 -0.422597 5.500000
1.288137 -0.443904 5.500000
1.359349 -0.465909 5.500000
1.430561 -0.487915 5.500000
1.501598 -0.510471 5.500000
1.572483 -0.533508 5.500000
1.643367 -0.556545 5.500000
1.713860 -0.580756 5.500000
1.784333 -0.605022 5.500000
1.854547 -0.630017 5.500000
1.924511 -0.655717 5.500000
1.994331 -0.681793 5.500000
2.063686 -0.709092 5.500000
2.132909 -0.736714 5.500000
2.201493 -0.765895 5.500000
2.269724 -0.795871 5.500000
2.337302 -0.827312 5.500000
2.403768 -0.861018 5.500000
2.469052 -0.896944 5.500000
2.532643 -0.935798 5.500000
