3.142132 -1.424607 17.100000
3.130316 -1.413795 17.100000
3.097451 -1.382126 17.100000
3.047167 -1.333064 17.100000
2.979293 -1.270774 17.100000
2.892662 -1.196496 17.100000
2.788116 -1.110154 17.100000
2.667733 -1.012845 17.100000
2.533392 -0.906329 17.100000
2.386859 -0.792618 17.100000
2.229981 -0.673762 17.100000
2.064473 -0.552104 17.100000
1.891865 -0.429955 17.100000
1.713633 -0.309852 17.100000
1.530519 -0.194051 17.100000
1.343114 -0.083931 17.100000
1.152566 0.019482 17.100000
0.960225 0.115374 17.100000
0.767542 0.202937 17.100000
0.576017 0.281691 17.100000
0.387314 0.351186 17.100000
0.203188 0.411281 17.100000
0.025437 0.461820 17.100000
-0.144021 0.502689 17.100000
-0.303453 0.533810 17.100000
-0.451215 0.555247 17.100000
-0.585872 0.567155 17.100000
-0.705959 0.569983 17.100000
-0.810303 0.564309 17.100000
-0.897680 0.550943 17.100000
-0.966978 0.530996 17.100000
-1.016921 0.506062 17.100000
-1.028212 0.497646 17.100000
-1.037139 0.489319 17.100000
-1.041889 0.483745 17.100000
-1.045671 0.478187 17.100000
-1.047089 0.475395 17.100000
-1.048281 0.472652 17.100000
-1.049044 0.469968 17.100000
-1.049369 0.467135 17.100000
-1.049316 0.464131 17.100000
-1.048990 0.460953 17.100000
-1.047517 0.454174 17.100000
-1.045162 0.446894 17.100000
-1.039938 0.435131 17.100000
-1.020646 0.405272 17.100000
-0.974436 0.356694 17.100000
-0.906255 0.303104 17.100000
-0.816031 0.245328 17.100000
-0.704020 0.184139 17.100000
-0.570646 0.119830 17.100000
-0.416786 0.052799 17.100000
-0.243517 -0.016870 17.100000
-0.052238 -0.089149 17.100000
0.155228 -0.164271 17.100000
0.376500 -0.242471 17.100000
0.608725 -0.323920 17.100000
0.848825 -0.408384 17.100000
1.093477 -0.495619 17.100000
1.339289 -0.585197 17.100000
1.582677 -0.676556 17.100000
1.819930 -0.768972 17.100000
2.047509 -0.861446 17.100000
2.261729 -0.952863 17.100000
2.459100 -1.041895 17.100000
2.636408 -1.126830 17.100000
2.790560 -1.205913 17.100000
2.918932 -1.277247 17.100000
3.018771 -1.338322 17.100000
3.088431 -1.385310 17.100000
3.128909 -1.414672 17.100000
3.142132 -1.424607 17.100000
