2.976065 -0.378160 36.100000
2.934110 -0.364563 36.100000
2.882416 -0.347878 36.100000
2.811285 -0.324746 36.100000
2.711251 -0.291791 36.100000
2.595439 -0.253036 36.100000
2.476222 -0.212812 36.100000
2.357061 -0.172651 36.100000
2.238463 -0.133082 36.100000
2.120419 -0.094374 36.100000
2.002894 -0.056696 36.100000
1.885837 -0.020376 36.100000
1.769244 0.014361 36.100000
1.653012 0.047476 36.100000
1.536891 0.078890 36.100000
1.420519 0.108595 36.100000
1.303721 0.136624 36.100000
1.186406 0.163098 36.100000
1.068590 0.187954 36.100000
0.950343 0.211100 36.100000
0.831762 0.232416 36.100000
0.713028 0.251768 36.100000
0.594200 0.269028 36.100000
0.475330 0.284087 36.100000
0.356550 0.296808 36.100000
0.237984 0.307066 36.100000
0.119764 0.314748 36.100000
0.002082 0.319699 36.100000
-0.114721 0.321729 36.100000
-0.230276 0.320607 36.100000
-0.344032 0.316047 36.100000
-0.455153 0.307728 36.100000
-0.562425 0.295317 36.100000
-0.664119 0.278543 36.100000
-0.757294 0.257519 36.100000
-0.837736 0.233127 36.100000
-0.900768 0.207493 36.100000
-0.944180 0.183457 36.100000
-0.970324 0.163206 36.100000
-0.991854 0.127376 36.100000
-0.992122 0.121500 36.100000
-0.989940 0.110695 36.100000
-0.984014 0.100517 36.100000
-0.972276 0.090546 36.100000
-0.949756 0.079271 36.100000
-0.908219 0.065440 36.100000
-0.839167 0.049278 36.100000
-0.744921 0.032585 36.100000
-0.635442 0.016803 36.100000
-0.518640 0.002354 36.100000
-0.398339 -0.010964 36.100000
-0.276244 -0.023369 36.100000
-0.153061 -0.035054 36.100000
-0.029114 -0.046211 36.100000
0.095417 -0.057003 36.100000
0.220421 -0.067557 36.100000
0.345834 -0.078002 36.100000
0.471498 -0.088474 36.100000
0.597011 -0.098992 36.100000
0.722323 -0.109621 36.100000
0.847477 -0.120424 36.100000
0.972484 -0.131430 36.100000
1.097339 -0.142683 36.100000
1.222024 -0.154224 36.100000
1.346530 -0.166094 36.100000
1.470811 -0.178338 36.100000
1.594829 -0.191024 36.100000
1.718558 -0.204218 36.100000
1.841989 -0.218003 36.100000
1.965134 -0.232457 36.100000
2.088016 -0.247636 36.100000
2.210594 -0.263567 36.100000
2.332766 -0.280304 36.100000
2.454551 -0.297989 36.100000
2.576548 -0.316861 36.100000
2.698523 -0.336920 36.100000
2.803881 -0.355142 36.100000
2.878076 -0.368466 36.100000
2.931632 -0.378231 36.100000
2.975054 -0.386096 36.100000
