3.034257 -0.498869 34.200000
2.991793 -0.483369 34.200000
2.939466 -0.464342 34.200000
2.867473 -0.437982 34.200000
2.766241 -0.400477 34.200000
2.649066 -0.356441 34.200000
2.528457 -0.310772 34.200000
2.407904 -0.265169 34.200000
2.287904 -0.220194 34.200000
2.168441 -0.176122 34.200000
2.049470 -0.133124 34.200000
1.930927 -0.091534 34.200000
1.812801 -0.051584 34.200000
1.694984 -0.013309 34.200000
1.577216 0.023221 34.200000
1.459128 0.058008 34.200000
1.340540 0.091095 34.200000
1.221364 0.122609 34.200000
1.101615 0.152484 34.200000
0.981360 0.180623 34.200000
0.860695 0.206901 34.200000
0.739799 0.231173 34.200000
0.618729 0.253304 34.200000
0.497533 0.273183 34.200000
0.376341 0.290664 34.200000
0.255277 0.305615 34.200000
0.134469 0.317913 34.200000
0.014112 0.327395 34.200000
-0.105455 0.333850 34.200000
-0.223862 0.337031 34.200000
-0.340555 0.336623 34.200000
-0.454690 0.332265 34.200000
-0.565034 0.323572 34.200000
-0.669830 0.310201 34.200000
-0.766058 0.292157 34.200000
-0.849370 0.270185 34.200000
-0.914895 0.246290 34.200000
-0.960264 0.223296 34.200000
-0.987802 0.203532 34.200000
-1.011198 0.167639 34.200000
-1.011692 0.161629 34.200000
-1.009863 0.150480 34.200000
-1.004174 0.139833 34.200000
-0.992524 0.129180 34.200000
-0.969879 0.116786 34.200000
-0.927850 0.101063 34.200000
-0.857725 0.081920 34.200000
-0.761813 0.061290 34.200000
-0.650263 0.041022 34.200000
-0.531162 0.021845 34.200000
-0.408435 0.003696 34.200000
-0.283836 -0.013586 34.200000
-0.158096 -0.030171 34.200000
-0.031553 -0.046244 34.200000
0.095601 -0.061964 34.200000
0.223249 -0.077459 34.200000
0.351320 -0.092857 34.200000
0.479647 -0.108292 34.200000
0.607818 -0.123769 34.200000
0.735779 -0.139353 34.200000
0.863571 -0.155108 34.200000
0.991205 -0.171065 34.200000
1.118675 -0.187270 34.200000
1.245958 -0.203764 34.200000
1.373047 -0.220587 34.200000
1.499891 -0.237786 34.200000
1.626450 -0.255428 34.200000
1.752692 -0.273579 34.200000
1.878608 -0.292324 34.200000
2.004205 -0.311744 34.200000
2.129507 -0.331896 34.200000
2.254468 -0.352807 34.200000
2.378984 -0.374529 34.200000
2.503068 -0.397207 34.200000
2.627324 -0.421110 34.200000
2.751513 -0.446227 34.200000
2.858750 -0.468840 34.200000
2.934249 -0.485268 34.200000
2.988741 -0.497277 34.200000
3.032925 -0.506960 34.200000
