3.114541 -1.483959 15.200000
3.102932 -1.472925 15.200000
3.070674 -1.440638 15.200000
3.021329 -1.390631 15.200000
2.954649 -1.327065 15.200000
2.869443 -1.251156 15.200000
2.766554 -1.162847 15.200000
2.648039 -1.063271 15.200000
2.515743 -0.954226 15.200000
2.371393 -0.837755 15.200000
2.216798 -0.715944 15.200000
2.053628 -0.591169 15.200000
1.883368 -0.465768 15.200000
1.707446 -0.342305 15.200000
1.526563 -0.223051 15.200000
1.341280 -0.109396 15.200000
1.152728 -0.002387 15.200000
0.962241 0.097138 15.200000
0.771253 0.188340 15.200000
0.581257 0.270713 15.200000
0.393906 0.343775 15.200000
0.210954 0.407353 15.200000
0.034193 0.461254 15.200000
-0.134459 0.505331 15.200000
-0.293272 0.539471 15.200000
-0.440601 0.563707 15.200000
-0.575008 0.578168 15.200000
-0.695019 0.583273 15.200000
-0.799452 0.579580 15.200000
-0.887066 0.567873 15.200000
-0.956731 0.549245 15.200000
-1.007138 0.525263 15.200000
-1.018586 0.517062 15.200000
-1.027670 0.508906 15.200000
-1.032524 0.503423 15.200000
-1.036412 0.497937 15.200000
-1.037882 0.495173 15.200000
-1.039126 0.492454 15.200000
-1.039940 0.489784 15.200000
-1.040318 0.486958 15.200000
-1.040323 0.483954 15.200000
-1.040056 0.480770 15.200000
-1.038713 0.473964 15.200000
-1.036496 0.466640 15.200000
-1.031497 0.454781 15.200000
-1.012775 0.424562 15.200000
-0.967494 0.375115 15.200000
-0.900342 0.320241 15.200000
-0.811230 0.260764 15.200000
-0.700400 0.197461 15.200000
-0.568270 0.130634 15.200000
-0.415710 0.060696 15.200000
-0.243793 -0.012247 15.200000
-0.053920 -0.088142 15.200000
0.152083 -0.167186 15.200000
0.371833 -0.249570 15.200000
0.602470 -0.335410 15.200000
0.840925 -0.424413 15.200000
1.083878 -0.516273 15.200000
1.327946 -0.610499 15.200000
1.569558 -0.706459 15.200000
1.805015 -0.803358 15.200000
2.030799 -0.900133 15.200000
2.243245 -0.995598 15.200000
2.438892 -1.088358 15.200000
2.614557 -1.176641 15.200000
2.767181 -1.258635 15.200000
2.894176 -1.332391 15.200000
2.992839 -1.395349 15.200000
3.061595 -1.443650 15.200000
3.101508 -1.473775 15.200000
3.114541 -1.483959 15.200000
