2.909688 -1.556828 7.600000
2.906019 -1.548577 7.600000
2.897325 -1.525561 7.600000
2.885629 -1.492207 7.600000
2.869173 -1.453012 7.600000
2.844312 -1.409569 7.600000
2.809226 -1.360705 7.600000
2.764159 -1.305502 7.600000
2.709551 -1.244347 7.600000
2.645571 -1.177578 7.600000
2.572541 -1.105618 7.600000
2.490884 -1.028892 7.600000
2.400999 -0.947864 7.600000
2.303404 -0.863059 7.600000
2.198675 -0.774987 7.600000
2.087427 -0.684175 7.600000
1.970311 -0.591271 7.600000
1.848042 -0.496808 7.600000
1.721330 -0.401415 7.600000
1.590970 -0.305567 7.600000
1.457868 -0.209899 7.600000
1.322974 -0.114968 7.600000
1.187452 -0.021399 7.600000
1.052377 0.069836 7.600000
0.918784 0.157683 7.600000
0.787309 0.241003 7.600000
0.658436 0.318740 7.600000
0.532476 0.390077 7.600000
0.410183 0.454462 7.600000
0.291387 0.510089 7.600000
0.175219 0.556825 7.600000
0.061469 0.595580 7.600000
-0.049639 0.626684 7.600000
-0.157570 0.650948 7.600000
-0.261427 0.668741 7.600000
-0.360435 0.680396 7.600000
-0.454078 0.686036 7.600000
-0.541695 0.686058 7.600000
-0.622688 0.680738 7.600000
-0.696456 0.670455 7.600000
-0.762297 0.655682 7.600000
-0.819588 0.636183 7.600000
-0.868696 0.612207 7.600000
-0.909820 0.585057 7.600000
-0.942440 0.555801 7.600000
-0.966007 0.525745 7.600000
-0.979834 0.496265 7.600000
-0.982903 0.470011 7.600000
-0.968907 0.447203 7.600000
-0.935419 0.423147 7.600000
-0.886156 0.395092 7.600000
-0.822189 0.363462 7.600000
-0.744500 0.328282 7.600000
-0.653948 0.289912 7.600000
-0.551402 0.248868 7.600000
-0.437665 0.206078 7.600000
-0.311691 0.163027 7.600000
-0.172089 0.118774 7.600000
-0.019824 0.071138 7.600000
0.143722 0.019313 7.600000
0.316921 -0.037228 7.600000
0.498166 -0.098972 7.600000
0.685539 -0.166141 7.600000
0.877169 -0.238880 7.600000
1.070931 -0.317053 7.600000
1.264743 -0.400542 7.600000
1.456473 -0.488855 7.600000
1.643914 -0.581360 7.600000
1.824921 -0.677310 7.600000
1.997436 -0.775701 7.600000
2.159481 -0.875379 7.600000
2.309184 -0.975089 7.600000
2.444834 -1.073268 7.600000
2.564998 -1.168401 7.600000
2.668309 -1.258659 7.600000
2.753611 -1.342376 7.600000
2.819211 -1.417496 7.600000
2.863993 -1.479482 7.600000
2.891004 -1.523477 7.600000
2.905286 -1.548734 7.600000
2.909688 -1.556828 7.600000
