3.125166 -1.059878 24.700000
3.112899 -1.050700 24.700000
3.078631 -1.023653 24.700000
3.026143 -0.981692 24.700000
2.955665 -0.928798 24.700000
2.866203 -0.866259 24.700000
2.758551 -0.793928 24.700000
2.634790 -0.712649 24.700000
2.496877 -0.623922 24.700000
2.346679 -0.529495 24.700000
2.186149 -0.431147 24.700000
2.017141 -0.330945 24.700000
1.841328 -0.230944 24.700000
1.660354 -0.133421 24.700000
1.475140 -0.040454 24.700000
1.286376 0.046702 24.700000
1.095253 0.127178 24.700000
0.903132 0.200326 24.700000
0.711470 0.265513 24.700000
0.521740 0.322424 24.700000
0.335570 0.370788 24.700000
0.154643 0.410636 24.700000
-0.019316 0.441988 24.700000
-0.184469 0.464918 24.700000
-0.339161 0.479515 24.700000
-0.481831 0.485992 24.700000
-0.611129 0.484635 24.700000
-0.725702 0.476008 24.700000
-0.824489 0.460773 24.700000
-0.906400 0.439814 24.700000
-0.970483 0.414296 24.700000
-1.015671 0.385855 24.700000
-1.025626 0.376779 24.700000
-1.033338 0.368012 24.700000
-1.037334 0.362258 24.700000
-1.040410 0.356611 24.700000
-1.041496 0.353820 24.700000
-1.042373 0.351097 24.700000
-1.042846 0.348470 24.700000
-1.042888 0.345743 24.700000
-1.042555 0.342889 24.700000
-1.041945 0.339894 24.700000
-1.039905 0.333581 24.700000
-1.036976 0.326872 24.700000
-1.030896 0.316169 24.700000
-1.009718 0.289565 24.700000
-0.961153 0.247681 24.700000
-0.891203 0.203096 24.700000
-0.799876 0.156605 24.700000
-0.687489 0.108919 24.700000
-0.554473 0.060276 24.700000
-0.401702 0.010974 24.700000
-0.230206 -0.039011 24.700000
-0.041321 -0.089781 24.700000
0.163239 -0.141733 24.700000
0.381232 -0.195314 24.700000
0.609955 -0.250954 24.700000
0.846460 -0.308722 24.700000
1.087558 -0.368698 24.700000
1.329982 -0.430797 24.700000
1.570266 -0.494818 24.700000
1.804809 -0.560423 24.700000
2.030150 -0.626996 24.700000
2.242675 -0.693822 24.700000
2.438938 -0.759965 24.700000
2.615717 -0.824100 24.700000
2.769903 -0.884847 24.700000
2.898819 -0.940648 24.700000
2.999609 -0.989373 24.700000
3.070345 -1.027533 24.700000
3.111642 -1.051667 24.700000
3.125166 -1.059878 24.700000
