3.164905 -1.172178 22.800000
3.152625 -1.162448 22.800000
3.118358 -1.133825 22.800000
3.065888 -1.089438 22.800000
2.995336 -1.033364 22.800000
2.905650 -0.966892 22.800000
2.797644 -0.889892 22.800000
2.673425 -0.803288 22.800000
2.534948 -0.708668 22.800000
2.384073 -0.607873 22.800000
2.222747 -0.502775 22.800000
2.052806 -0.395542 22.800000
1.875903 -0.288322 22.800000
1.693653 -0.183488 22.800000
1.506939 -0.083192 22.800000
1.316430 0.011264 22.800000
1.123321 0.098957 22.800000
0.928984 0.179187 22.800000
0.734890 0.251265 22.800000
0.542537 0.314829 22.800000
0.353580 0.369552 22.800000
0.169742 0.415422 22.800000
-0.007212 0.452407 22.800000
-0.175404 0.480533 22.800000
-0.333136 0.499843 22.800000
-0.478809 0.510511 22.800000
-0.611034 0.512791 22.800000
-0.728410 0.507220 22.800000
-0.829835 0.494446 22.800000
-0.914170 0.475343 22.800000
-0.980408 0.451072 22.800000
-1.027413 0.423277 22.800000
-1.037847 0.414281 22.800000
-1.045980 0.405536 22.800000
-1.050228 0.399768 22.800000
-1.053534 0.394082 22.800000
-1.054723 0.391259 22.800000
-1.055697 0.388501 22.800000
-1.056255 0.385828 22.800000
-1.056375 0.383041 22.800000
-1.056115 0.380114 22.800000
-1.055576 0.377035 22.800000
-1.053669 0.370522 22.800000
-1.050866 0.363581 22.800000
-1.044953 0.352466 22.800000
-1.024057 0.324668 22.800000
-0.975595 0.280471 22.800000
-0.905347 0.232906 22.800000
-0.813299 0.182787 22.800000
-0.699755 0.130849 22.800000
-0.565147 0.077347 22.800000
-0.410362 0.022611 22.800000
-0.236453 -0.033353 22.800000
-0.044790 -0.090615 22.800000
0.162865 -0.149528 22.800000
0.384207 -0.210488 22.800000
0.616461 -0.273857 22.800000
0.856609 -0.339622 22.800000
1.101392 -0.407776 22.800000
1.347468 -0.478136 22.800000
1.591303 -0.550402 22.800000
1.829224 -0.624124 22.800000
2.057710 -0.698574 22.800000
2.273086 -0.772920 22.800000
2.471856 -0.846106 22.800000
2.650765 -0.916687 22.800000
2.806672 -0.983163 22.800000
2.936885 -1.043867 22.800000
3.038544 -1.096538 22.800000
3.109778 -1.137557 22.800000
3.151312 -1.163401 22.800000
3.164905 -1.172178 22.800000
