2.774051 -1.492361 3.800000
2.770566 -1.484477 3.800000
2.762317 -1.462489 3.800000
2.751225 -1.430625 3.800000
2.735603 -1.393176 3.800000
2.711965 -1.351654 3.800000
2.678580 -1.304936 3.800000
2.635681 -1.252145 3.800000
2.583688 -1.193651 3.800000
2.522761 -1.129779 3.800000
2.453207 -1.060932 3.800000
2.375428 -0.987517 3.800000
2.289804 -0.909977 3.800000
2.196829 -0.828816 3.800000
2.097051 -0.744520 3.800000
1.991057 -0.657595 3.800000
1.879466 -0.568661 3.800000
1.762960 -0.478227 3.800000
1.642215 -0.386896 3.800000
1.517987 -0.295123 3.800000
1.391143 -0.203515 3.800000
1.262587 -0.112608 3.800000
1.133428 -0.022998 3.800000
1.004691 0.064382 3.800000
0.877360 0.148525 3.800000
0.752042 0.228343 3.800000
0.629196 0.302825 3.800000
0.509116 0.371192 3.800000
0.392521 0.432915 3.800000
0.279246 0.486271 3.800000
0.168460 0.531134 3.800000
0.059965 0.568374 3.800000
-0.046025 0.598304 3.800000
-0.148997 0.621699 3.800000
-0.248095 0.638908 3.800000
-0.342577 0.650248 3.800000
-0.431951 0.655835 3.800000
-0.515585 0.656045 3.800000
-0.592908 0.651143 3.800000
-0.663345 0.641487 3.800000
-0.726225 0.627527 3.800000
-0.780954 0.609039 3.800000
-0.827881 0.586259 3.800000
-0.867195 0.560432 3.800000
-0.898396 0.532577 3.800000
-0.920957 0.503938 3.800000
-0.934219 0.475828 3.800000
-0.937205 0.450775 3.800000
-0.923895 0.428973 3.800000
-0.891981 0.405938 3.800000
-0.845018 0.379052 3.800000
-0.784027 0.348720 3.800000
-0.709947 0.314972 3.800000
-0.623593 0.278150 3.800000
-0.525798 0.238750 3.800000
-0.417324 0.197658 3.800000
-0.297169 0.156292 3.800000
-0.164009 0.113747 3.800000
-0.018769 0.067948 3.800000
0.137231 0.018124 3.800000
0.302434 -0.036222 3.800000
0.475306 -0.095552 3.800000
0.654017 -0.160073 3.800000
0.836778 -0.229921 3.800000
1.021563 -0.304960 3.800000
1.206384 -0.385073 3.800000
1.389208 -0.469787 3.800000
1.567928 -0.558494 3.800000
1.740499 -0.650474 3.800000
1.904958 -0.744766 3.800000
2.059422 -0.840264 3.800000
2.202104 -0.935765 3.800000
2.331375 -1.029776 3.800000
2.445871 -1.120845 3.800000
2.544290 -1.207223 3.800000
2.625533 -1.287319 3.800000
2.687988 -1.359167 3.800000
2.730600 -1.418432 3.800000
2.756288 -1.460486 3.800000
2.769866 -1.484625 3.800000
2.774051 -1.492361 3.800000
