2.649211 -1.407721 1.900000
2.645854 -1.400230 1.900000
2.637890 -1.379329 1.900000
2.627171 -1.349037 1.900000
2.612110 -1.313448 1.900000
2.589395 -1.274019 1.900000
2.557372 -1.229689 1.900000
2.516258 -1.179623 1.900000
2.466456 -1.124169 1.900000
2.408119 -1.063637 1.900000
2.341541 -0.998409 1.900000
2.267108 -0.928871 1.900000
2.185184 -0.855443 1.900000
2.096241 -0.778602 1.900000
2.000803 -0.698809 1.900000
1.899433 -0.616543 1.900000
1.792723 -0.532390 1.900000
1.681324 -0.446833 1.900000
1.565884 -0.360442 1.900000
1.447125 -0.273647 1.900000
1.325875 -0.187023 1.900000
1.202998 -0.101074 1.900000
1.079553 -0.016363 1.900000
0.956521 0.066225 1.900000
0.834844 0.145738 1.900000
0.715106 0.221142 1.900000
0.597746 0.291475 1.900000
0.483052 0.355999 1.900000
0.371709 0.414213 1.900000
0.263569 0.464474 1.900000
0.157841 0.506658 1.900000
0.054331 0.541594 1.900000
-0.046757 0.569581 1.900000
-0.144938 0.591358 1.900000
-0.239400 0.607263 1.900000
-0.329438 0.617601 1.900000
-0.414582 0.622485 1.900000
-0.494233 0.622277 1.900000
-0.567849 0.617230 1.900000
-0.634884 0.607690 1.900000
-0.694701 0.594088 1.900000
-0.746732 0.576213 1.900000
-0.791313 0.554289 1.900000
-0.828628 0.529500 1.900000
-0.858206 0.502820 1.900000
-0.879553 0.475434 1.900000
-0.892046 0.448598 1.900000
-0.894767 0.424724 1.900000
-0.881985 0.404026 1.900000
-0.851479 0.382244 1.900000
-0.806621 0.356868 1.900000
-0.748387 0.328279 1.900000
-0.677670 0.296500 1.900000
-0.595250 0.261854 1.900000
-0.501920 0.224808 1.900000
-0.398412 0.186204 1.900000
-0.283778 0.147395 1.900000
-0.156753 0.107528 1.900000
-0.018207 0.064619 1.900000
0.130606 0.017931 1.900000
0.288206 -0.033019 1.900000
0.453134 -0.088678 1.900000
0.623647 -0.149253 1.900000
0.798044 -0.214881 1.900000
0.974395 -0.285442 1.900000
1.150804 -0.360836 1.900000
1.325333 -0.440622 1.900000
1.495974 -0.524229 1.900000
1.660775 -0.610985 1.900000
1.817862 -0.699983 1.900000
1.965435 -0.790176 1.900000
2.101787 -0.880432 1.900000
2.225360 -0.969333 1.900000
2.334847 -1.055504 1.900000
2.429001 -1.137288 1.900000
2.506766 -1.213171 1.900000
2.566597 -1.281292 1.900000
2.607469 -1.337526 1.900000
2.632139 -1.377451 1.900000
2.645188 -1.400374 1.900000
2.649211 -1.407721 1.900000
