3.155081 -0.967195 26.600000
3.142549 -0.958383 26.600000
3.107497 -0.932359 26.600000
3.053794 -0.891965 26.600000
2.981786 -0.841174 26.600000
2.890517 -0.781303 26.600000
2.780777 -0.712179 26.600000
2.654673 -0.634588 26.600000
2.514201 -0.549969 26.600000
2.361282 -0.460016 26.600000
2.197920 -0.366447 26.600000
2.026029 -0.271276 26.600000
1.847341 -0.176507 26.600000
1.663568 -0.084367 26.600000
1.475692 0.003094 26.600000
1.284438 0.084642 26.600000
1.091023 0.159443 26.600000
0.896827 0.226889 26.600000
0.703325 0.286392 26.600000
0.511999 0.337680 26.600000
0.324482 0.380529 26.600000
0.142458 0.415021 26.600000
-0.032350 0.441226 26.600000
-0.198108 0.459272 26.600000
-0.353163 0.469297 26.600000
-0.495962 0.471562 26.600000
-0.625164 0.466390 26.600000
-0.739432 0.454386 26.600000
-0.837727 0.436242 26.600000
-0.918984 0.412876 26.600000
-0.982286 0.385478 26.600000
-1.026615 0.355715 26.600000
-1.036298 0.346350 26.600000
-1.043748 0.337358 26.600000
-1.047572 0.331490 26.600000
-1.050481 0.325754 26.600000
-1.051484 0.322932 26.600000
-1.052280 0.320185 26.600000
-1.052675 0.317545 26.600000
-1.052637 0.314818 26.600000
-1.052220 0.311975 26.600000
-1.051521 0.308999 26.600000
-1.049295 0.302748 26.600000
-1.046170 0.296130 26.600000
-1.039776 0.285610 26.600000
-1.017823 0.259643 26.600000
-0.968044 0.219210 26.600000
-0.896808 0.176709 26.600000
-0.804149 0.132933 26.600000
-0.690404 0.088584 26.600000
-0.556010 0.043888 26.600000
-0.401851 -0.000885 26.600000
-0.228954 -0.045787 26.600000
-0.038653 -0.090962 26.600000
0.167351 -0.136855 26.600000
0.386829 -0.183979 26.600000
0.617095 -0.232845 26.600000
0.855201 -0.283609 26.600000
1.097965 -0.336445 26.600000
1.342115 -0.391362 26.600000
1.584184 -0.448265 26.600000
1.820561 -0.506920 26.600000
2.047768 -0.566815 26.600000
2.262172 -0.627340 26.600000
2.460301 -0.687663 26.600000
2.638896 -0.746553 26.600000
2.794808 -0.802724 26.600000
2.925315 -0.854696 26.600000
3.027499 -0.900426 26.600000
3.099330 -0.936482 26.600000
3.141321 -0.959387 26.600000
3.155081 -0.967195 26.600000
