3.171941 -1.356941 19.000000
3.159896 -1.346385 19.000000
3.126360 -1.315427 19.000000
3.075036 -1.267454 19.000000
3.005843 -1.206633 19.000000
2.917640 -1.134228 19.000000
2.811267 -1.050147 19.000000
2.688826 -0.955440 19.000000
2.552234 -0.851828 19.000000
2.403297 -0.741283 19.000000
2.243908 -0.625816 19.000000
2.075831 -0.507734 19.000000
1.900645 -0.389312 19.000000
1.719879 -0.273056 19.000000
1.534327 -0.161206 19.000000
1.344604 -0.055128 19.000000
1.151884 0.044178 19.000000
0.957532 0.135926 19.000000
0.763016 0.219339 19.000000
0.569847 0.293971 19.000000
0.379698 0.359405 19.000000
0.194327 0.415541 19.000000
0.015534 0.462259 19.000000
-0.154761 0.499487 19.000000
-0.314824 0.527185 19.000000
-0.463011 0.545449 19.000000
-0.597892 0.554469 19.000000
-0.718012 0.554723 19.000000
-0.822211 0.546814 19.000000
-0.909281 0.531578 19.000000
-0.978136 0.510151 19.000000
-1.027533 0.484152 19.000000
-1.038641 0.475496 19.000000
-1.047387 0.466979 19.000000
-1.052016 0.461305 19.000000
-1.055679 0.455667 19.000000
-1.057036 0.452845 19.000000
-1.058170 0.450078 19.000000
-1.058875 0.447378 19.000000
-1.059139 0.444539 19.000000
-1.059022 0.441537 19.000000
-1.058627 0.438366 19.000000
-1.057010 0.431620 19.000000
-1.054499 0.424392 19.000000
-1.049025 0.412744 19.000000
-1.029097 0.383306 19.000000
-0.981857 0.335729 19.000000
-0.912543 0.283612 19.000000
-0.821101 0.227783 19.000000
-0.707805 0.169009 19.000000
-0.573083 0.107573 19.000000
-0.417822 0.043855 19.000000
-0.243099 -0.022085 19.000000
-0.050315 -0.090248 19.000000
0.158712 -0.160907 19.000000
0.381610 -0.234347 19.000000
0.615527 -0.310800 19.000000
0.857382 -0.390099 19.000000
1.103848 -0.472070 19.000000
1.351523 -0.556361 19.000000
1.596813 -0.642482 19.000000
1.835992 -0.729792 19.000000
2.065501 -0.817368 19.000000
2.281630 -0.904173 19.000000
2.480864 -0.988954 19.000000
2.659951 -1.070070 19.000000
2.815763 -1.145832 19.000000
2.945634 -1.214398 19.000000
3.046759 -1.273319 19.000000
3.117410 -1.318803 19.000000
3.158508 -1.347292 19.000000
3.171941 -1.356941 19.000000
