3.111306 -0.848764 28.500000
3.098797 -0.840538 28.500000
3.063766 -0.816184 28.500000
3.010080 -0.778362 28.500000
2.938198 -0.730939 28.500000
2.847225 -0.675234 28.500000
2.737928 -0.611054 28.500000
2.612389 -0.539099 28.500000
2.472601 -0.460717 28.500000
2.320493 -0.377503 28.500000
2.158075 -0.291076 28.500000
1.987276 -0.203342 28.500000
1.809851 -0.116209 28.500000
1.627539 -0.031797 28.500000
1.441360 0.047919 28.500000
1.252062 0.121756 28.500000
1.060859 0.188937 28.500000
0.869117 0.248911 28.500000
0.678294 0.301145 28.500000
0.489846 0.345422 28.500000
0.305377 0.381572 28.500000
0.126526 0.409726 28.500000
-0.045023 0.430005 28.500000
-0.207485 0.442589 28.500000
-0.359247 0.447665 28.500000
-0.498802 0.445532 28.500000
-0.624849 0.436550 28.500000
-0.736101 0.421347 28.500000
-0.831563 0.400634 28.500000
-0.910224 0.375337 28.500000
-0.971223 0.346649 28.500000
-1.013619 0.316228 28.500000
-1.022792 0.306786 28.500000
-1.029796 0.297776 28.500000
-1.033353 0.291927 28.500000
-1.036019 0.286236 28.500000
-1.036913 0.283449 28.500000
-1.037607 0.280742 28.500000
-1.037913 0.278151 28.500000
-1.037793 0.275488 28.500000
-1.037299 0.272724 28.500000
-1.036526 0.269839 28.500000
-1.034162 0.263801 28.500000
-1.030907 0.257430 28.500000
-1.024342 0.247349 28.500000
-1.002108 0.222653 28.500000
-0.952253 0.184672 28.500000
-0.881377 0.145325 28.500000
-0.789536 0.105384 28.500000
-0.677081 0.065524 28.500000
-0.544445 0.025954 28.500000
-0.392500 -0.013090 28.500000
-0.222249 -0.051690 28.500000
-0.034989 -0.090027 28.500000
0.167632 -0.128588 28.500000
0.383452 -0.167942 28.500000
0.609862 -0.208669 28.500000
0.843988 -0.251010 28.500000
1.082727 -0.295234 28.500000
1.322883 -0.341450 28.500000
1.561067 -0.389667 28.500000
1.793745 -0.439770 28.500000
2.017503 -0.491362 28.500000
2.228774 -0.543961 28.500000
2.424142 -0.596856 28.500000
2.600384 -0.648946 28.500000
2.754388 -0.699070 28.500000
2.883448 -0.745867 28.500000
2.984653 -0.787426 28.500000
3.055914 -0.820460 28.500000
3.097628 -0.841556 28.500000
3.111306 -0.848764 28.500000
