2.913502 -0.259029 38.000000
2.872126 -0.247323 38.000000
2.821146 -0.232968 38.000000
2.750993 -0.213045 38.000000
2.652317 -0.184615 38.000000
2.538056 -0.151114 38.000000
2.420424 -0.116306 38.000000
2.302848 -0.081558 38.000000
2.185842 -0.047366 38.000000
2.069408 -0.013992 38.000000
1.953517 0.018397 38.000000
1.838133 0.049481 38.000000
1.723258 0.079039 38.000000
1.608795 0.107029 38.000000
1.494502 0.133367 38.000000
1.380029 0.158030 38.000000
1.265201 0.181045 38.000000
1.149926 0.202526 38.000000
1.034224 0.222412 38.000000
0.918164 0.240615 38.000000
0.801847 0.257025 38.000000
0.685452 0.271514 38.000000
0.569042 0.283961 38.000000
0.452673 0.294263 38.000000
0.336477 0.302290 38.000000
0.220580 0.307926 38.000000
0.105115 0.311064 38.000000
-0.009725 0.311562 38.000000
-0.123602 0.309245 38.000000
-0.236147 0.303904 38.000000
-0.346812 0.295278 38.000000
-0.454773 0.283088 38.000000
-0.558832 0.267052 38.000000
-0.657296 0.246970 38.000000
-0.747304 0.223060 38.000000
-0.824783 0.196337 38.000000
-0.885252 0.169045 38.000000
-0.926666 0.144031 38.000000
-0.951394 0.123338 38.000000
-0.971053 0.087638 38.000000
-0.971098 0.081903 38.000000
-0.968575 0.071456 38.000000
-0.962427 0.061757 38.000000
-0.950624 0.052474 38.000000
-0.928268 0.042316 38.000000
-0.887289 0.030368 38.000000
-0.819418 0.017160 38.000000
-0.726980 0.004361 38.000000
-0.619733 -0.006991 38.000000
-0.505401 -0.016774 38.000000
-0.387701 -0.025327 38.000000
-0.268287 -0.032925 38.000000
-0.147840 -0.039780 38.000000
-0.026667 -0.046094 38.000000
0.095061 -0.052030 38.000000
0.217241 -0.057717 38.000000
0.339816 -0.063283 38.000000
0.462636 -0.068866 38.000000
0.585311 -0.074499 38.000000
0.707795 -0.080249 38.000000
0.830130 -0.086173 38.000000
0.952330 -0.092300 38.000000
1.074391 -0.098673 38.000000
1.196296 -0.105334 38.000000
1.318039 -0.112321 38.000000
1.439577 -0.119681 38.000000
1.560876 -0.127482 38.000000
1.681910 -0.135788 38.000000
1.802677 -0.144681 38.000000
1.923189 -0.154237 38.000000
2.043472 -0.164508 38.000000
2.163486 -0.175522 38.000000
2.283135 -0.187338 38.000000
2.402441 -0.200091 38.000000
2.521997 -0.213993 38.000000
2.641576 -0.229053 38.000000
2.744897 -0.242932 38.000000
2.817675 -0.253187 38.000000
2.870214 -0.260732 38.000000
2.912809 -0.266798 38.000000
