2.838792 -1.530322 5.700000
2.835231 -1.522247 5.700000
2.826805 -1.499728 5.700000
2.815477 -1.467096 5.700000
2.799515 -1.428742 5.700000
2.775351 -1.386210 5.700000
2.741212 -1.338350 5.700000
2.697338 -1.284265 5.700000
2.644158 -1.224333 5.700000
2.581836 -1.158887 5.700000
2.510687 -1.088340 5.700000
2.431120 -1.013108 5.700000
2.343526 -0.933648 5.700000
2.248408 -0.850473 5.700000
2.146328 -0.764083 5.700000
2.037886 -0.674995 5.700000
1.923717 -0.583846 5.700000
1.804516 -0.491157 5.700000
1.680975 -0.397546 5.700000
1.553871 -0.303478 5.700000
1.424087 -0.209578 5.700000
1.292549 -0.116394 5.700000
1.160394 -0.024538 5.700000
1.028668 0.065035 5.700000
0.898379 0.151293 5.700000
0.770148 0.233121 5.700000
0.644441 0.309484 5.700000
0.521563 0.379584 5.700000
0.402246 0.442879 5.700000
0.286320 0.497604 5.700000
0.172936 0.543632 5.700000
0.061890 0.581854 5.700000
-0.046597 0.612590 5.700000
-0.152000 0.636631 5.700000
-0.253443 0.654337 5.700000
-0.350164 0.666029 5.700000
-0.441661 0.671828 5.700000
-0.527286 0.672116 5.700000
-0.606455 0.667165 5.700000
-0.678577 0.657341 5.700000
-0.742967 0.643104 5.700000
-0.799015 0.624224 5.700000
-0.847079 0.600942 5.700000
-0.887352 0.574535 5.700000
-0.919320 0.546044 5.700000
-0.942443 0.516743 5.700000
-0.956045 0.487975 5.700000
-0.959124 0.462328 5.700000
-0.945517 0.439996 5.700000
-0.912863 0.416384 5.700000
-0.864806 0.388817 5.700000
-0.802389 0.357710 5.700000
-0.726574 0.323093 5.700000
-0.638197 0.285318 5.700000
-0.538108 0.244894 5.700000
-0.427087 0.202729 5.700000
-0.304108 0.160273 5.700000
-0.167814 0.116599 5.700000
-0.019156 0.069582 5.700000
0.140514 0.018435 5.700000
0.309603 -0.037349 5.700000
0.486539 -0.098243 5.700000
0.669448 -0.164457 5.700000
0.856499 -0.236128 5.700000
1.045619 -0.313115 5.700000
1.234770 -0.395298 5.700000
1.421872 -0.482189 5.700000
1.604770 -0.573164 5.700000
1.781369 -0.667485 5.700000
1.949661 -0.764167 5.700000
2.107719 -0.862073 5.700000
2.253714 -0.959973 5.700000
2.385981 -1.056335 5.700000
2.503123 -1.149673 5.700000
2.603810 -1.238194 5.700000
2.686918 -1.320268 5.700000
2.750797 -1.393881 5.700000
2.794371 -1.454595 5.700000
2.820635 -1.497672 5.700000
2.834515 -1.522398 5.700000
2.838792 -1.530322 5.700000
