3.002453 -1.541396 11.400000
2.991422 -1.530269 11.400000
2.960815 -1.497762 11.400000
2.914015 -1.447433 11.400000
2.850657 -1.383342 11.400000
2.769541 -1.306645 11.400000
2.671494 -1.217309 11.400000
2.558494 -1.116504 11.400000
2.432294 -1.006039 11.400000
2.294523 -0.887963 11.400000
2.146888 -0.764369 11.400000
1.990954 -0.637627 11.400000
1.828106 -0.510068 11.400000
1.659665 -0.384239 11.400000
1.486251 -0.262383 11.400000
1.308372 -0.145873 11.400000
1.127104 -0.035768 11.400000
0.943726 0.067075 11.400000
0.759618 0.161795 11.400000
0.576223 0.247853 11.400000
0.395144 0.324729 11.400000
0.218092 0.392203 11.400000
0.046814 0.450037 11.400000
-0.116821 0.498028 11.400000
-0.271123 0.536018 11.400000
-0.414483 0.563989 11.400000
-0.545491 0.582028 11.400000
-0.662694 0.590501 11.400000
-0.764918 0.589918 11.400000
-0.850930 0.581013 11.400000
-0.919590 0.564818 11.400000
-0.969575 0.542829 11.400000
-0.981008 0.535142 11.400000
-0.990127 0.527431 11.400000
-0.995033 0.522210 11.400000
-0.998993 0.516959 11.400000
-1.000510 0.514298 11.400000
-1.001806 0.511676 11.400000
-1.002679 0.509089 11.400000
-1.003131 0.506336 11.400000
-1.003223 0.503399 11.400000
-1.003055 0.500278 11.400000
-1.001939 0.493584 11.400000
-0.999983 0.486358 11.400000
-0.995439 0.474617 11.400000
-0.978008 0.444524 11.400000
-0.935166 0.394861 11.400000
-0.871094 0.339256 11.400000
-0.785683 0.278512 11.400000
-0.679146 0.213398 11.400000
-0.551883 0.144220 11.400000
-0.404733 0.071408 11.400000
-0.238744 -0.004905 11.400000
-0.055281 -0.084624 11.400000
0.143863 -0.167891 11.400000
0.356351 -0.254822 11.400000
0.579386 -0.345448 11.400000
0.809972 -0.439395 11.400000
1.044875 -0.536265 11.400000
1.280800 -0.635481 11.400000
1.514272 -0.736321 11.400000
1.741698 -0.837902 11.400000
1.959670 -0.939080 11.400000
2.164638 -1.038590 11.400000
2.353257 -1.134968 11.400000
2.522467 -1.226389 11.400000
2.669329 -1.310992 11.400000
2.791370 -1.386796 11.400000
2.886019 -1.451220 11.400000
2.951850 -1.500444 11.400000
2.990005 -1.531059 11.400000
3.002453 -1.541396 11.400000
