3.138333 -0.742599 30.400000
3.095031 -0.723294 30.400000
3.041668 -0.699581 30.400000
2.968261 -0.666767 30.400000
2.865074 -0.620166 30.400000
2.745681 -0.565571 30.400000
2.622814 -0.509019 30.400000
2.500001 -0.452540 30.400000
2.377721 -0.396758 30.400000
2.255937 -0.341960 30.400000
2.134590 -0.288321 30.400000
2.013588 -0.236187 30.400000
1.892903 -0.185798 30.400000
1.772419 -0.137185 30.400000
1.651861 -0.090402 30.400000
1.530840 -0.045418 30.400000
1.409173 -0.002176 30.400000
1.286776 0.039462 30.400000
1.163661 0.079427 30.400000
1.039890 0.117612 30.400000
0.915554 0.153881 30.400000
0.790831 0.188067 30.400000
0.665769 0.220026 30.400000
0.540413 0.249639 30.400000
0.414887 0.276742 30.400000
0.289309 0.301187 30.400000
0.163808 0.322840 30.400000
0.038573 0.341513 30.400000
-0.086055 0.356962 30.400000
-0.209708 0.368901 30.400000
-0.331828 0.376959 30.400000
-0.451559 0.380700 30.400000
-0.567640 0.379629 30.400000
-0.678256 0.373260 30.400000
-0.780247 0.361379 30.400000
-0.869011 0.344450 30.400000
-0.939304 0.324214 30.400000
-0.988444 0.303457 30.400000
-1.018693 0.284781 30.400000
-1.045782 0.248928 30.400000
-1.046735 0.242677 30.400000
-1.045632 0.230879 30.400000
-1.040455 0.219325 30.400000
-1.029040 0.207332 30.400000
-1.006249 0.192719 30.400000
-0.963419 0.173212 30.400000
-0.891443 0.148084 30.400000
-0.792594 0.119525 30.400000
-0.677359 0.090207 30.400000
-0.554143 0.061482 30.400000
-0.427059 0.033568 30.400000
-0.297953 0.006426 30.400000
-0.167603 -0.020069 30.400000
-0.036376 -0.046088 30.400000
0.095517 -0.071783 30.400000
0.227943 -0.097276 30.400000
0.360818 -0.122700 30.400000
0.493958 -0.148182 30.400000
0.626932 -0.173695 30.400000
0.759680 -0.199305 30.400000
0.892237 -0.225082 30.400000
1.024615 -0.251059 30.400000
1.156802 -0.277283 30.400000
1.288774 -0.303797 30.400000
1.420518 -0.330640 30.400000
1.551978 -0.357858 30.400000
1.683108 -0.385520 30.400000
1.813870 -0.413691 30.400000
1.944247 -0.442460 30.400000
2.074242 -0.471912 30.400000
2.203874 -0.502109 30.400000
2.333095 -0.533074 30.400000
2.461790 -0.564856 30.400000
2.589965 -0.597606 30.400000
2.718231 -0.631650 30.400000
2.846338 -0.666961 30.400000
2.956891 -0.698417 30.400000
3.034688 -0.721096 30.400000
3.090827 -0.737624 30.400000
3.136350 -0.750968 30.400000
