3.088265 -0.620550 32.300000
3.045353 -0.603145 32.300000
2.992472 -0.581771 32.300000
2.919723 -0.552179 32.300000
2.817445 -0.510120 32.300000
2.699080 -0.460796 32.300000
2.577260 -0.409676 32.300000
2.455494 -0.358627 32.300000
2.334273 -0.308240 32.300000
2.213567 -0.258797 32.300000
2.093327 -0.210471 32.300000
1.973475 -0.163603 32.300000
1.853989 -0.118428 32.300000
1.734759 -0.074979 32.300000
1.615516 -0.033319 32.300000
1.495883 0.006569 32.300000
1.375676 0.044735 32.300000
1.254810 0.081311 32.300000
1.133299 0.116230 32.300000
1.011206 0.149390 32.300000
0.888626 0.180660 32.300000
0.765738 0.209884 32.300000
0.642593 0.236924 32.300000
0.519238 0.261662 32.300000
0.395801 0.283945 32.300000
0.272402 0.303633 32.300000
0.149171 0.320596 32.300000
0.026298 0.334660 32.300000
-0.095875 0.345597 32.300000
-0.216979 0.353139 32.300000
-0.336458 0.356945 32.300000
-0.453462 0.356615 32.300000
-0.566742 0.351710 32.300000
-0.674510 0.341814 32.300000
-0.773677 0.326825 32.300000
-0.859763 0.307347 32.300000
-0.927709 0.285256 32.300000
-0.974988 0.263359 32.300000
-1.003896 0.244122 32.300000
-1.029147 0.208223 32.300000
-1.029870 0.202089 32.300000
-1.028400 0.190609 32.300000
-1.022962 0.179502 32.300000
-1.011421 0.168174 32.300000
-0.988687 0.154667 32.300000
-0.946229 0.137049 32.300000
-0.875131 0.114913 32.300000
-0.777688 0.090322 32.300000
-0.664222 0.065534 32.300000
-0.542987 0.041590 32.300000
-0.418002 0.018568 32.300000
-0.291069 -0.003635 32.300000
-0.162943 -0.025165 32.300000
-0.033976 -0.046200 32.300000
0.095629 -0.066896 32.300000
0.225747 -0.087379 32.300000
0.356303 -0.107779 32.300000
0.487119 -0.128226 32.300000
0.617773 -0.148710 32.300000
0.748210 -0.169296 32.300000
0.878467 -0.190050 32.300000
1.008555 -0.211007 32.300000
1.138465 -0.232211 32.300000
1.268175 -0.253704 32.300000
1.397673 -0.275527 32.300000
1.526907 -0.297726 32.300000
1.655833 -0.320368 32.300000
1.784417 -0.343519 32.300000
1.912644 -0.367267 32.300000
2.040522 -0.391695 32.300000
2.168070 -0.416862 32.300000
2.295242 -0.442792 32.300000
2.421929 -0.469538 32.300000
2.548139 -0.497246 32.300000
2.674481 -0.526214 32.300000
2.800711 -0.556423 32.300000
2.909676 -0.583454 32.300000
2.986374 -0.603006 32.300000
3.041725 -0.617272 32.300000
3.086608 -0.628785 32.300000
