3.089965 -1.534477 13.300000
3.078537 -1.523255 13.300000
3.046808 -1.490447 13.300000
2.998285 -1.439643 13.300000
2.932649 -1.375000 13.300000
2.848690 -1.297714 13.300000
2.747252 -1.207741 13.300000
2.630374 -1.106249 13.300000
2.499872 -0.995064 13.300000
2.357437 -0.876258 13.300000
2.204846 -0.751946 13.300000
2.043730 -0.624530 13.300000
1.875534 -0.496373 13.300000
1.701646 -0.370062 13.300000
1.522728 -0.247879 13.300000
1.339321 -0.131222 13.300000
1.152537 -0.021156 13.300000
0.963695 0.081456 13.300000
0.774218 0.175756 13.300000
0.585588 0.261212 13.300000
0.399452 0.337315 13.300000
0.217559 0.403864 13.300000
0.041700 0.460636 13.300000
-0.126212 0.507453 13.300000
-0.284449 0.544175 13.300000
-0.431363 0.570806 13.300000
-0.565517 0.587454 13.300000
-0.685429 0.594513 13.300000
-0.789908 0.592521 13.300000
-0.877702 0.582242 13.300000
-0.947660 0.564751 13.300000
-0.998451 0.541593 13.300000
-1.010032 0.533579 13.300000
-1.019247 0.525572 13.300000
-1.024190 0.520169 13.300000
-1.028166 0.514748 13.300000
-1.029681 0.512007 13.300000
-1.030970 0.509309 13.300000
-1.031826 0.506653 13.300000
-1.032251 0.503833 13.300000
-1.032304 0.500830 13.300000
-1.032090 0.497642 13.300000
-1.030858 0.490815 13.300000
-1.028760 0.483456 13.300000
-1.023955 0.471517 13.300000
-1.005727 0.440997 13.300000
-0.961258 0.390820 13.300000
-0.895008 0.334859 13.300000
-0.806877 0.273939 13.300000
-0.697092 0.208840 13.300000
-0.566067 0.139870 13.300000
-0.414666 0.067457 13.300000
-0.243960 -0.008276 13.300000
-0.055348 -0.087252 13.300000
0.149341 -0.169641 13.300000
0.367719 -0.255592 13.300000
0.596929 -0.345175 13.300000
0.833903 -0.438050 13.300000
1.075328 -0.533854 13.300000
1.317829 -0.632041 13.300000
1.557846 -0.731923 13.300000
1.791694 -0.832643 13.300000
2.015872 -0.933082 13.300000
2.226736 -1.031993 13.300000
2.420846 -1.127926 13.300000
2.595051 -1.219059 13.300000
2.746320 -1.303526 13.300000
2.872097 -1.379341 13.300000
2.969722 -1.443897 13.300000
3.037682 -1.493311 13.300000
3.077099 -1.524082 13.300000
3.089965 -1.534477 13.300000
