2.986559 -1.571970 9.500000
2.982749 -1.563557 9.500000
2.973697 -1.540079 9.500000
2.961505 -1.506049 9.500000
2.944403 -1.466078 9.500000
2.918676 -1.421821 9.500000
2.882454 -1.372092 9.500000
2.835980 -1.315949 9.500000
2.779708 -1.253784 9.500000
2.713812 -1.185944 9.500000
2.638625 -1.112857 9.500000
2.554580 -1.034956 9.500000
2.462092 -0.952712 9.500000
2.361692 -0.866660 9.500000
2.253974 -0.777315 9.500000
2.139569 -0.685214 9.500000
2.019150 -0.591014 9.500000
1.893449 -0.495256 9.500000
1.763198 -0.398577 9.500000
1.629212 -0.301457 9.500000
1.492425 -0.204541 9.500000
1.353809 -0.108392 9.500000
1.214560 -0.013639 9.500000
1.075785 0.078729 9.500000
0.938549 0.167643 9.500000
0.803511 0.251942 9.500000
0.671172 0.330548 9.500000
0.541857 0.402630 9.500000
0.416340 0.467628 9.500000
0.294461 0.523693 9.500000
0.175331 0.570683 9.500000
0.058729 0.609529 9.500000
-0.055117 0.640567 9.500000
-0.165667 0.664633 9.500000
-0.272006 0.682108 9.500000
-0.373343 0.693341 9.500000
-0.469151 0.698459 9.500000
-0.558757 0.697872 9.500000
-0.641552 0.691870 9.500000
-0.716924 0.680841 9.500000
-0.784157 0.665275 9.500000
-0.842613 0.644936 9.500000
-0.892669 0.620074 9.500000
-0.934539 0.592022 9.500000
-0.967696 0.561876 9.500000
-0.991590 0.530973 9.500000
-1.005526 0.500728 9.500000
-1.008482 0.473857 9.500000
-0.994010 0.450629 9.500000
-0.959595 0.426259 9.500000
-0.909018 0.397909 9.500000
-0.843379 0.366005 9.500000
-0.763683 0.330566 9.500000
-0.670808 0.291953 9.500000
-0.565649 0.250690 9.500000
-0.449032 0.207717 9.500000
-0.319899 0.164565 9.500000
-0.176820 0.120275 9.500000
-0.020768 0.072616 9.500000
0.146851 0.020749 9.500000
0.324375 -0.035873 9.500000
0.510163 -0.097760 9.500000
0.702257 -0.165153 9.500000
0.898742 -0.238213 9.500000
1.097447 -0.316815 9.500000
1.296239 -0.400853 9.500000
1.492935 -0.489840 9.500000
1.685274 -0.583144 9.500000
1.871057 -0.680016 9.500000
2.048171 -0.779443 9.500000
2.214588 -0.880258 9.500000
2.368382 -0.981193 9.500000
2.507793 -1.080659 9.500000
2.631346 -1.177118 9.500000
2.737629 -1.268708 9.500000
2.825450 -1.353733 9.500000
2.893060 -1.430103 9.500000
2.939289 -1.493186 9.500000
2.967219 -1.537992 9.500000
2.982001 -1.563723 9.500000
2.986559 -1.571970 9.500000
