3.133596 -1.253476 20.900000
3.121571 -1.243431 20.900000
3.088055 -1.213933 20.900000
3.036747 -1.168207 20.900000
2.967667 -1.110331 20.900000
2.879726 -1.041566 20.900000
2.773744 -0.961804 20.900000
2.651801 -0.872023 20.900000
2.515812 -0.773860 20.900000
2.367589 -0.669204 20.900000
2.209030 -0.559978 20.900000
2.041913 -0.448395 20.900000
1.867836 -0.336644 20.900000
1.688353 -0.227141 20.900000
1.504290 -0.122059 20.900000
1.316283 -0.022718 20.900000
1.125501 0.069931 20.900000
0.933299 0.155150 20.900000
0.741130 0.232214 20.900000
0.550482 0.300720 20.900000
0.363001 0.360303 20.900000
0.180408 0.410902 20.900000
0.004467 0.452443 20.900000
-0.162943 0.484900 20.900000
-0.320124 0.508275 20.900000
-0.465473 0.522699 20.900000
-0.597595 0.528391 20.900000
-0.715076 0.525852 20.900000
-0.816797 0.515700 20.900000
-0.901597 0.498780 20.900000
-0.968439 0.476227 20.900000
-1.016145 0.449654 20.900000
-1.026808 0.440930 20.900000
-1.035164 0.432399 20.900000
-1.039560 0.426741 20.900000
-1.043011 0.421143 20.900000
-1.044273 0.418352 20.900000
-1.045317 0.415619 20.900000
-1.045944 0.412962 20.900000
-1.046136 0.410179 20.900000
-1.045953 0.407246 20.900000
-1.045493 0.404154 20.900000
-1.043755 0.397595 20.900000
-1.041131 0.390584 20.900000
-1.035508 0.379319 20.900000
-1.015336 0.350991 20.900000
-0.968031 0.305558 20.900000
-0.899034 0.256196 20.900000
-0.808310 0.203718 20.900000
-0.696144 0.148866 20.900000
-0.562962 0.091908 20.900000
-0.409642 0.033195 20.900000
-0.237235 -0.027239 20.900000
-0.047114 -0.089429 20.900000
0.158952 -0.153682 20.900000
0.378646 -0.220334 20.900000
0.609187 -0.289677 20.900000
0.847558 -0.361619 20.900000
1.090500 -0.436068 20.900000
1.334678 -0.512756 20.900000
1.576567 -0.591291 20.900000
1.812506 -0.671129 20.900000
2.038994 -0.751452 20.900000
2.252379 -0.831332 20.900000
2.449194 -0.909624 20.900000
2.626221 -0.984799 20.900000
2.780361 -1.055278 20.900000
2.908964 -1.119322 20.900000
3.009230 -1.174599 20.900000
3.079381 -1.217443 20.900000
3.120234 -1.244351 20.900000
3.133596 -1.253476 20.900000
