3.343149 -0.851972 20.800000
3.325059 -0.843232 20.800000
3.271100 -0.817281 20.800000
3.182185 -0.774637 20.800000
3.059783 -0.716053 20.800000
2.905952 -0.642957 20.800000
2.723002 -0.557456 20.800000
2.513811 -0.462419 20.800000
2.281509 -0.361018 20.800000
2.029663 -0.256582 20.800000
1.762287 -0.152177 20.800000
1.483686 -0.050465 20.800000
1.198467 0.045956 20.800000
0.911351 0.134932 20.800000
0.627048 0.214268 20.800000
0.487437 0.249657 20.800000
0.350300 0.281899 20.800000
0.216204 0.310803 20.800000
0.085686 0.336232 20.800000
-0.040654 0.358127 20.800000
-0.162213 0.376431 20.800000
-0.278534 0.391073 20.800000
-0.389069 0.402153 20.800000
-0.493339 0.409690 20.800000
-0.590842 0.413793 20.800000
-0.681063 0.414616 20.800000
-0.763700 0.412226 20.800000
-0.838387 0.406574 20.800000
-0.904778 0.397527 20.800000
-0.962761 0.384771 20.800000
-1.011947 0.368539 20.800000
-1.052064 0.349521 20.800000
-1.082548 0.329187 20.800000
-1.102923 0.309030 20.800000
-1.112770 0.290320 20.800000
-1.112067 0.273147 20.800000
-1.101019 0.256707 20.800000
-1.080077 0.239598 20.800000
-1.049684 0.220460 20.800000
-1.010154 0.198803 20.800000
-0.961564 0.174695 20.800000
-0.904080 0.148795 20.800000
-0.837731 0.121728 20.800000
-0.762772 0.093986 20.800000
-0.679560 0.065660 20.800000
-0.588340 0.036907 20.800000
-0.489568 0.007795 20.800000
-0.383644 -0.021382 20.800000
-0.271004 -0.050467 20.800000
-0.152081 -0.079112 20.800000
-0.027286 -0.107070 20.800000
0.102824 -0.134104 20.800000
0.237669 -0.160065 20.800000
0.376681 -0.184953 20.800000
0.519165 -0.209064 20.800000
0.811795 -0.255726 20.800000
1.109794 -0.301999 20.800000
1.407463 -0.349565 20.800000
1.699207 -0.399703 20.800000
1.979567 -0.453160 20.800000
2.243590 -0.509810 20.800000
2.486695 -0.568820 20.800000
2.704895 -0.628509 20.800000
2.894865 -0.686463 20.800000
3.053717 -0.739857 20.800000
3.179334 -0.785825 20.800000
3.270032 -0.821471 20.800000
3.324820 -0.844168 20.800000
3.343149 -0.851972 20.800000
