2.873027 -0.548943 36.100000
2.857269 -0.542477 36.100000
2.810270 -0.523293 36.100000
2.732830 -0.491781 36.100000
2.626231 -0.448503 36.100000
2.492288 -0.394561 36.100000
2.333064 -0.331620 36.100000
2.151142 -0.261959 36.100000
1.949335 -0.188102 36.100000
1.730833 -0.112683 36.100000
1.499189 -0.038089 36.100000
1.258185 0.033649 36.100000
1.011853 0.100568 36.100000
0.764298 0.161089 36.100000
0.519620 0.213597 36.100000
0.399652 0.236360 36.100000
0.281938 0.256588 36.100000
0.166971 0.274147 36.100000
0.055209 0.288950 36.100000
-0.052835 0.300977 36.100000
-0.156647 0.310211 36.100000
-0.255839 0.316617 36.100000
-0.349951 0.320304 36.100000
-0.438578 0.321317 36.100000
-0.521302 0.319771 36.100000
-0.597695 0.315825 36.100000
-0.667506 0.309549 36.100000
-0.730419 0.300923 36.100000
-0.786137 0.289850 36.100000
-0.834551 0.276071 36.100000
-0.875339 0.259803 36.100000
-0.908310 0.241644 36.100000
-0.933061 0.222867 36.100000
-0.949266 0.204761 36.100000
-0.956636 0.188421 36.100000
-0.955158 0.173923 36.100000
-0.944962 0.160580 36.100000
-0.926360 0.147179 36.100000
-0.899654 0.132547 36.100000
-0.865087 0.116254 36.100000
-0.822726 0.098353 36.100000
-0.772747 0.079393 36.100000
-0.715205 0.059902 36.100000
-0.650343 0.040282 36.100000
-0.578466 0.020593 36.100000
-0.499789 0.000955 36.100000
-0.414704 -0.018598 36.100000
-0.323563 -0.037838 36.100000
-0.226743 -0.056655 36.100000
-0.124629 -0.074776 36.100000
-0.017581 -0.092013 36.100000
0.093917 -0.108195 36.100000
0.209368 -0.123226 36.100000
0.328289 -0.137134 36.100000
0.450109 -0.150205 36.100000
0.700153 -0.174634 36.100000
0.954719 -0.198457 36.100000
1.209073 -0.223391 36.100000
1.458545 -0.250808 36.100000
1.698555 -0.281617 36.100000
1.924903 -0.315971 36.100000
2.133671 -0.353398 36.100000
2.321397 -0.392681 36.100000
2.485144 -0.431949 36.100000
2.622323 -0.468959 36.100000
2.730993 -0.501396 36.100000
2.809582 -0.526894 36.100000
2.857115 -0.543282 36.100000
2.873027 -0.548943 36.100000
