2.615950 -1.308600 5.500000
2.612498 -1.301378 5.500000
2.604234 -1.281197 5.500000
2.593060 -1.251928 5.500000
2.577526 -1.217601 5.500000
2.554441 -1.179714 5.500000
2.522165 -1.137273 5.500000
2.480891 -1.089458 5.500000
2.431019 -1.036602 5.500000
2.372706 -0.978999 5.500000
2.306249 -0.917018 5.500000
2.232031 -0.851023 5.500000
2.150419 -0.781416 5.500000
2.061883 -0.708652 5.500000
1.966947 -0.633165 5.500000
1.866169 -0.555410 5.500000
1.760140 -0.475944 5.500000
1.649508 -0.395222 5.500000
1.534917 -0.313784 5.500000
1.417081 -0.232031 5.500000
1.296821 -0.150505 5.500000
1.174992 -0.069676 5.500000
1.052639 0.009932 5.500000
0.930738 0.087482 5.500000
0.810233 0.162067 5.500000
0.691715 0.232692 5.500000
0.575638 0.298433 5.500000
0.462299 0.358575 5.500000
0.352376 0.412647 5.500000
0.245766 0.459044 5.500000
0.141701 0.497626 5.500000
0.039972 0.529197 5.500000
-0.059230 0.554053 5.500000
-0.155450 0.572925 5.500000
-0.247904 0.586163 5.500000
-0.335911 0.594081 5.500000
-0.419019 0.596800 5.500000
-0.496650 0.594687 5.500000
-0.568283 0.588004 5.500000
-0.633394 0.577098 5.500000
-0.691372 0.562406 5.500000
-0.741658 0.543736 5.500000
-0.784586 0.521297 5.500000
-0.820363 0.496241 5.500000
-0.848553 0.469526 5.500000
-0.868703 0.442321 5.500000
-0.880237 0.415865 5.500000
-0.882317 0.392529 5.500000
-0.869362 0.372661 5.500000
-0.839105 0.352161 5.500000
-0.794774 0.328502 5.500000
-0.737327 0.302033 5.500000
-0.667637 0.272753 5.500000
-0.586471 0.240959 5.500000
-0.494614 0.207088 5.500000
-0.392798 0.171942 5.500000
-0.280134 0.136863 5.500000
-0.155366 0.101050 5.500000
-0.019296 0.062548 5.500000
0.126872 0.020609 5.500000
0.281708 -0.025274 5.500000
0.443798 -0.075571 5.500000
0.611451 -0.130526 5.500000
0.783010 -0.190312 5.500000
0.956591 -0.254861 5.500000
1.130346 -0.324119 5.500000
1.302373 -0.397702 5.500000
1.470702 -0.475104 5.500000
1.633414 -0.555714 5.500000
1.788661 -0.638694 5.500000
1.934664 -0.723069 5.500000
2.069730 -0.807772 5.500000
2.192310 -0.891462 5.500000
2.301093 -0.972829 5.500000
2.394825 -1.050286 5.500000
2.472443 -1.122386 5.500000
2.532394 -1.187349 5.500000
2.573580 -1.241181 5.500000
2.598584 -1.279504 5.500000
2.611852 -1.301535 5.500000
2.615950 -1.308600 5.500000
