3.072110 -0.696162 30.300000
3.055386 -0.688626 30.300000
3.005504 -0.666255 30.300000
2.923311 -0.629499 30.300000
2.810166 -0.579011 30.300000
2.667980 -0.516042 30.300000
2.498915 -0.442461 30.300000
2.305667 -0.360815 30.300000
2.091170 -0.273924 30.300000
1.858762 -0.184740 30.300000
1.612179 -0.095961 30.300000
1.355417 -0.009913 30.300000
1.092743 0.071143 30.300000
0.828520 0.145358 30.300000
0.567098 0.210843 30.300000
0.438810 0.239741 30.300000
0.312857 0.265829 30.300000
0.189762 0.288943 30.300000
0.070015 0.308972 30.300000
-0.045831 0.325879 30.300000
-0.157226 0.339623 30.300000
-0.263750 0.350154 30.300000
-0.364908 0.357574 30.300000
-0.460261 0.361912 30.300000
-0.549353 0.363282 30.300000
-0.631720 0.361836 30.300000
-0.707086 0.357640 30.300000
-0.775117 0.350663 30.300000
-0.835492 0.340788 30.300000
-0.888104 0.327732 30.300000
-0.932602 0.311718 30.300000
-0.968754 0.293383 30.300000
-0.996081 0.274081 30.300000
-1.014187 0.255187 30.300000
-1.022719 0.237871 30.300000
-1.021659 0.222213 30.300000
-1.011174 0.207478 30.300000
-0.991644 0.192372 30.300000
-0.963437 0.175644 30.300000
-0.926829 0.156841 30.300000
-0.881893 0.136021 30.300000
-0.828795 0.113782 30.300000
-0.767578 0.090694 30.300000
-0.698486 0.067200 30.300000
-0.621847 0.043373 30.300000
-0.537888 0.019352 30.300000
-0.447027 -0.004812 30.300000
-0.349638 -0.028862 30.300000
-0.246121 -0.052665 30.300000
-0.136880 -0.075912 30.300000
-0.022296 -0.098389 30.300000
0.097116 -0.119894 30.300000
0.220825 -0.140304 30.300000
0.348309 -0.159633 30.300000
0.478945 -0.178168 30.300000
0.747171 -0.213628 30.300000
1.020287 -0.248602 30.300000
1.293133 -0.284765 30.300000
1.560635 -0.323420 30.300000
1.817827 -0.365380 30.300000
2.060186 -0.410653 30.300000
2.283510 -0.458590 30.300000
2.484120 -0.507753 30.300000
2.658921 -0.556020 30.300000
2.805209 -0.600884 30.300000
2.920981 -0.639780 30.300000
3.004632 -0.670105 30.300000
3.055191 -0.689486 30.300000
3.072110 -0.696162 30.300000
