3.323218 -0.926671 16.900000
3.305329 -0.917528 16.900000
3.251965 -0.890375 16.900000
3.164028 -0.845749 16.900000
3.042970 -0.784438 16.900000
2.890815 -0.707913 16.900000
2.709827 -0.618333 16.900000
2.502817 -0.518633 16.900000
2.272846 -0.412052 16.900000
2.023404 -0.301999 16.900000
1.758434 -0.191628 16.900000
1.482182 -0.083699 16.900000
1.199196 0.019089 16.900000
0.914146 0.114477 16.900000
0.631691 0.200163 16.900000
0.492909 0.238671 16.900000
0.356529 0.273979 16.900000
0.223115 0.305880 16.900000
0.093198 0.334227 16.900000
-0.032619 0.358948 16.900000
-0.153737 0.379971 16.900000
-0.269700 0.397217 16.900000
-0.379960 0.410770 16.900000
-0.484035 0.420642 16.900000
-0.581421 0.426929 16.900000
-0.671601 0.429774 16.900000
-0.754271 0.429235 16.900000
-0.829066 0.425259 16.900000
-0.895642 0.417702 16.900000
-0.953898 0.406248 16.900000
-1.003435 0.391122 16.900000
-1.043968 0.373008 16.900000
-1.074900 0.353362 16.900000
-1.095721 0.333667 16.900000
-1.105985 0.315182 16.900000
-1.105667 0.297998 16.900000
-1.094990 0.281315 16.900000
-1.074437 0.263740 16.900000
-1.044480 0.243926 16.900000
-1.005445 0.221389 16.900000
-0.957408 0.196198 16.900000
-0.900519 0.169017 16.900000
-0.834793 0.140470 16.900000
-0.760475 0.111055 16.900000
-0.677918 0.080871 16.900000
-0.587365 0.050081 16.900000
-0.489270 0.018764 16.900000
-0.384027 -0.012780 16.900000
-0.272067 -0.044382 16.900000
-0.153815 -0.075684 16.900000
-0.029678 -0.106432 16.900000
0.099793 -0.136374 16.900000
0.234023 -0.165351 16.900000
0.372441 -0.193347 16.900000
0.514350 -0.220645 16.900000
0.805861 -0.273852 16.900000
1.102748 -0.326792 16.900000
1.399276 -0.381016 16.900000
1.689823 -0.437679 16.900000
1.968915 -0.497404 16.900000
2.231603 -0.559957 16.900000
2.473325 -0.624400 16.900000
2.690132 -0.688963 16.900000
2.878756 -0.751159 16.900000
3.036372 -0.808099 16.900000
3.160927 -0.856871 16.900000
3.250804 -0.894540 16.900000
3.305069 -0.918459 16.900000
3.323218 -0.926671 16.900000
