3.334909 -0.883675 18.900000
3.316903 -0.874763 18.900000
3.263193 -0.848301 18.900000
3.174687 -0.804815 18.900000
3.052847 -0.745072 18.900000
2.899717 -0.670519 18.900000
2.717587 -0.583284 18.900000
2.509307 -0.486265 18.900000
2.277978 -0.382663 18.900000
2.027135 -0.275841 18.900000
1.760762 -0.168902 18.900000
1.483140 -0.064549 18.900000
1.198849 0.034575 18.900000
0.912591 0.126274 18.900000
0.629054 0.208305 18.900000
0.489785 0.245017 18.900000
0.352960 0.278560 18.900000
0.219145 0.308736 18.900000
0.088874 0.335403 18.900000
-0.037252 0.358497 18.900000
-0.158632 0.377954 18.900000
-0.274808 0.393700 18.900000
-0.385233 0.405829 18.900000
-0.489427 0.414355 18.900000
-0.586886 0.419384 18.900000
-0.677095 0.421064 18.900000
-0.759752 0.419458 18.900000
-0.834489 0.414516 18.900000
-0.900962 0.406100 18.900000
-0.959065 0.393895 18.900000
-1.008403 0.378130 18.900000
-1.048698 0.359494 18.900000
-1.079374 0.339450 18.900000
-1.099939 0.319488 18.900000
-1.109963 0.300872 18.900000
-1.109424 0.283693 18.900000
-1.098532 0.267149 18.900000
-1.077754 0.249842 18.900000
-1.047544 0.230416 18.900000
-1.008221 0.208385 18.900000
-0.959862 0.183817 18.900000
-0.902626 0.157372 18.900000
-0.836538 0.129677 18.900000
-0.761846 0.101224 18.900000
-0.678906 0.072109 18.900000
-0.587963 0.042491 18.900000
-0.489471 0.012443 18.900000
-0.383830 -0.017738 18.900000
-0.271471 -0.047892 18.900000
-0.152825 -0.077665 18.900000
-0.028301 -0.106806 18.900000
0.101546 -0.135074 18.900000
0.236139 -0.162315 18.900000
0.374908 -0.188521 18.900000
0.517157 -0.213984 18.900000
0.809331 -0.263422 18.900000
1.106876 -0.312522 18.900000
1.404080 -0.362912 18.900000
1.695335 -0.415819 18.900000
1.975175 -0.471934 18.900000
2.238649 -0.531089 18.900000
2.481182 -0.592404 18.900000
2.698806 -0.654162 18.900000
2.888217 -0.713917 18.900000
3.046555 -0.768817 18.900000
3.171730 -0.815976 18.900000
3.262086 -0.852481 18.900000
3.316656 -0.875697 18.900000
3.334909 -0.883675 18.900000
