2.809806 -0.476958 38.000000
2.794325 -0.470977 38.000000
2.748155 -0.453234 38.000000
2.672083 -0.424094 38.000000
2.567369 -0.384080 38.000000
2.435802 -0.334226 38.000000
2.279428 -0.276115 38.000000
2.100807 -0.211915 38.000000
1.902731 -0.144027 38.000000
1.688360 -0.074952 38.000000
1.461203 -0.006946 38.000000
1.224986 0.058089 38.000000
0.983675 0.118323 38.000000
0.741302 0.172300 38.000000
0.501892 0.218528 38.000000
0.384566 0.238290 38.000000
0.269489 0.255627 38.000000
0.157140 0.270420 38.000000
0.047969 0.282592 38.000000
-0.057523 0.292135 38.000000
-0.158838 0.299042 38.000000
-0.255595 0.303286 38.000000
-0.347348 0.304985 38.000000
-0.433706 0.304188 38.000000
-0.514260 0.301019 38.000000
-0.588599 0.295638 38.000000
-0.656478 0.288120 38.000000
-0.717592 0.278451 38.000000
-0.771648 0.266543 38.000000
-0.818532 0.252147 38.000000
-0.857939 0.235478 38.000000
-0.889693 0.217126 38.000000
-0.913426 0.198336 38.000000
-0.928848 0.180372 38.000000
-0.935699 0.164306 38.000000
-0.933967 0.150213 38.000000
-0.923766 0.137420 38.000000
-0.905375 0.124739 38.000000
-0.879065 0.111023 38.000000
-0.845064 0.095846 38.000000
-0.803438 0.079260 38.000000
-0.754369 0.061796 38.000000
-0.697923 0.043966 38.000000
-0.634342 0.026159 38.000000
-0.563927 0.008424 38.000000
-0.486890 -0.009124 38.000000
-0.403610 -0.026459 38.000000
-0.314439 -0.043369 38.000000
-0.219743 -0.059752 38.000000
-0.119903 -0.075350 38.000000
-0.015275 -0.089989 38.000000
0.093666 -0.103509 38.000000
0.206435 -0.115829 38.000000
0.322562 -0.126985 38.000000
0.441496 -0.137268 38.000000
0.685568 -0.156035 38.000000
0.934033 -0.174122 38.000000
1.182314 -0.193295 38.000000
1.425889 -0.214984 38.000000
1.660314 -0.240169 38.000000
1.881503 -0.269082 38.000000
2.085627 -0.301342 38.000000
2.269291 -0.335833 38.000000
2.429595 -0.370791 38.000000
2.563973 -0.404085 38.000000
2.670487 -0.433498 38.000000
2.747557 -0.456756 38.000000
2.794191 -0.471764 38.000000
2.809806 -0.476958 38.000000
