3.276154 -0.810827 22.700000
3.258399 -0.802399 22.700000
3.205439 -0.777378 22.700000
3.118171 -0.736263 22.700000
2.998036 -0.679782 22.700000
2.847058 -0.609317 22.700000
2.667512 -0.526913 22.700000
2.462230 -0.435359 22.700000
2.234298 -0.337735 22.700000
1.987227 -0.237276 22.700000
1.724964 -0.136950 22.700000
1.451738 -0.039335 22.700000
1.172075 0.053059 22.700000
0.890606 0.138158 22.700000
0.611953 0.213844 22.700000
0.475141 0.247519 22.700000
0.340770 0.278133 22.700000
0.209398 0.305501 22.700000
0.081548 0.329494 22.700000
-0.042191 0.350059 22.700000
-0.161228 0.367142 22.700000
-0.275116 0.380680 22.700000
-0.383321 0.390771 22.700000
-0.485373 0.397438 22.700000
-0.580781 0.400793 22.700000
-0.669044 0.400989 22.700000
-0.749868 0.398091 22.700000
-0.822891 0.392058 22.700000
-0.887775 0.382759 22.700000
-0.944411 0.369888 22.700000
-0.992417 0.353676 22.700000
-1.031532 0.334801 22.700000
-1.061215 0.314703 22.700000
-1.081010 0.294848 22.700000
-1.090516 0.276478 22.700000
-1.089713 0.259684 22.700000
-1.078793 0.243676 22.700000
-1.058192 0.227081 22.700000
-1.028331 0.208565 22.700000
-0.989514 0.187647 22.700000
-0.941819 0.164392 22.700000
-0.885411 0.139445 22.700000
-0.820323 0.113415 22.700000
-0.746808 0.086784 22.700000
-0.665215 0.059636 22.700000
-0.575785 0.032125 22.700000
-0.478966 0.004316 22.700000
-0.375151 -0.023511 22.700000
-0.264765 -0.051201 22.700000
-0.148236 -0.078419 22.700000
-0.025968 -0.104924 22.700000
0.101493 -0.130490 22.700000
0.233579 -0.154975 22.700000
0.369734 -0.178381 22.700000
0.509280 -0.201004 22.700000
0.795858 -0.244672 22.700000
1.087684 -0.287923 22.700000
1.379196 -0.332441 22.700000
1.664930 -0.379516 22.700000
1.939550 -0.429913 22.700000
2.198211 -0.483546 22.700000
2.436424 -0.539628 22.700000
2.650279 -0.596543 22.700000
2.836507 -0.651951 22.700000
2.992263 -0.703109 22.700000
3.115457 -0.747227 22.700000
3.204423 -0.781484 22.700000
3.258172 -0.803317 22.700000
3.276154 -0.810827 22.700000
