2.814302 -1.239085 7.400000
2.810305 -1.231680 7.400000
2.800587 -1.210916 7.400000
2.787343 -1.180760 7.400000
2.769262 -1.145517 7.400000
2.743067 -1.106926 7.400000
2.706988 -1.064028 7.400000
2.661182 -1.015951 7.400000
2.606088 -0.963024 7.400000
2.541887 -0.905549 7.400000
2.468908 -0.843896 7.400000
2.387574 -0.778429 7.400000
2.298289 -0.709552 7.400000
2.201571 -0.637716 7.400000
2.097992 -0.563352 7.400000
1.988161 -0.486907 7.400000
1.872730 -0.408937 7.400000
1.752399 -0.329886 7.400000
1.627875 -0.250287 7.400000
1.499928 -0.170525 7.400000
1.369447 -0.091125 7.400000
1.237354 -0.012539 7.400000
1.104774 0.064738 7.400000
0.972776 0.139877 7.400000
0.842396 0.211975 7.400000
0.714306 0.280018 7.400000
0.589032 0.343058 7.400000
0.466921 0.400361 7.400000
0.348711 0.451466 7.400000
0.234375 0.494683 7.400000
0.123114 0.529826 7.400000
0.014668 0.557727 7.400000
-0.090777 0.578708 7.400000
-0.192784 0.593560 7.400000
-0.290545 0.602690 7.400000
-0.383362 0.606463 7.400000
-0.470767 0.605031 7.400000
-0.552172 0.598807 7.400000
-0.627043 0.588093 7.400000
-0.694847 0.573283 7.400000
-0.754967 0.554865 7.400000
-0.806806 0.532666 7.400000
-0.850722 0.506890 7.400000
-0.886996 0.478735 7.400000
-0.915218 0.449230 7.400000
-0.934972 0.419625 7.400000
-0.945718 0.391250 7.400000
-0.946698 0.366640 7.400000
-0.932070 0.346446 7.400000
-0.899242 0.326483 7.400000
-0.851473 0.303928 7.400000
-0.789787 0.279098 7.400000
-0.715101 0.251949 7.400000
-0.628235 0.222753 7.400000
-0.530037 0.191927 7.400000
-0.421315 0.160276 7.400000
-0.301206 0.129256 7.400000
-0.168350 0.098088 7.400000
-0.023488 0.064681 7.400000
0.132154 0.028185 7.400000
0.297101 -0.012004 7.400000
0.469893 -0.056454 7.400000
0.648767 -0.105507 7.400000
0.831991 -0.159433 7.400000
1.017584 -0.218255 7.400000
1.203602 -0.282012 7.400000
1.388030 -0.350400 7.400000
1.568771 -0.422988 7.400000
1.743781 -0.499235 7.400000
1.911073 -0.578356 7.400000
2.068732 -0.659418 7.400000
2.214924 -0.741389 7.400000
2.347952 -0.822940 7.400000
2.466374 -0.902765 7.400000
2.568791 -0.979260 7.400000
2.654010 -1.050961 7.400000
2.720311 -1.116081 7.400000
2.766335 -1.170480 7.400000
2.794566 -1.209430 7.400000
2.809635 -1.231878 7.400000
2.814302 -1.239085 7.400000
