3.210800 -0.762078 26.500000
3.193361 -0.754005 26.500000
3.141346 -0.730037 26.500000
3.055636 -0.690655 26.500000
2.937647 -0.636558 26.500000
2.789371 -0.569076 26.500000
2.613051 -0.490189 26.500000
2.411482 -0.402597 26.500000
2.187711 -0.309282 26.500000
1.945200 -0.213374 26.500000
1.687837 -0.117740 26.500000
1.419781 -0.024858 26.500000
1.145479 0.062858 26.500000
0.869480 0.143425 26.500000
0.596323 0.214816 26.500000
0.462242 0.246459 26.500000
0.330577 0.275132 26.500000
0.201873 0.300660 26.500000
0.076645 0.322921 26.500000
-0.044531 0.341868 26.500000
-0.161078 0.357456 26.500000
-0.272557 0.369625 26.500000
-0.378446 0.378478 26.500000
-0.478289 0.384041 26.500000
-0.571604 0.386427 26.500000
-0.657903 0.385792 26.500000
-0.736900 0.382201 26.500000
-0.808240 0.375618 26.500000
-0.871593 0.365918 26.500000
-0.926847 0.352804 26.500000
-0.973632 0.336503 26.500000
-1.011699 0.317682 26.500000
-1.040533 0.297754 26.500000
-1.059701 0.278154 26.500000
-1.068824 0.260105 26.500000
-1.067881 0.243692 26.500000
-1.057055 0.228143 26.500000
-1.036757 0.212111 26.500000
-1.007387 0.194286 26.500000
-0.969239 0.174198 26.500000
-0.922388 0.151908 26.500000
-0.867002 0.128044 26.500000
-0.803119 0.103204 26.500000
-0.730992 0.077854 26.500000
-0.650962 0.052076 26.500000
-0.563265 0.026016 26.500000
-0.468341 -0.000268 26.500000
-0.366577 -0.026502 26.500000
-0.258390 -0.052541 26.500000
-0.144201 -0.078061 26.500000
-0.024407 -0.102831 26.500000
0.100456 -0.126633 26.500000
0.229830 -0.149336 26.500000
0.363172 -0.170945 26.500000
0.499823 -0.191757 26.500000
0.780429 -0.231767 26.500000
1.066162 -0.271322 26.500000
1.351600 -0.312117 26.500000
1.631413 -0.355467 26.500000
1.900390 -0.402169 26.500000
2.153793 -0.452184 26.500000
2.387228 -0.504786 26.500000
2.596854 -0.558429 26.500000
2.779454 -0.610859 26.500000
2.932221 -0.659419 26.500000
3.053085 -0.701401 26.500000
3.140391 -0.734061 26.500000
3.193148 -0.754904 26.500000
3.210800 -0.762078 26.500000
