3.112118 -1.097598 11.200000
3.095631 -1.087725 11.200000
3.046445 -1.058387 11.200000
2.965384 -1.010155 11.200000
2.853783 -0.943875 11.200000
2.713481 -0.861080 11.200000
2.546500 -0.763976 11.200000
2.355333 -0.655544 11.200000
2.142694 -0.539071 11.200000
1.911695 -0.418037 11.200000
1.665898 -0.295702 11.200000
1.409177 -0.174974 11.200000
1.145698 -0.058721 11.200000
0.879776 0.050603 11.200000
0.615708 0.150501 11.200000
0.485729 0.196156 11.200000
0.357837 0.238602 11.200000
0.232558 0.277607 11.200000
0.110389 0.312996 11.200000
-0.008101 0.344661 11.200000
-0.122343 0.372496 11.200000
-0.231908 0.396394 11.200000
-0.336267 0.416404 11.200000
-0.434959 0.432502 11.200000
-0.527498 0.444750 11.200000
-0.613380 0.453251 11.200000
-0.692313 0.458041 11.200000
-0.763950 0.459045 11.200000
-0.827973 0.456104 11.200000
-0.884305 0.448911 11.200000
-0.932552 0.437653 11.200000
-0.972398 0.422966 11.200000
-1.003178 0.406201 11.200000
-1.024313 0.388741 11.200000
-1.035295 0.371758 11.200000
-1.036094 0.355337 11.200000
-1.026974 0.338731 11.200000
-1.008487 0.320640 11.200000
-0.981168 0.299807 11.200000
-0.945360 0.275794 11.200000
-0.901132 0.248671 11.200000
-0.848582 0.219080 11.200000
-0.787687 0.187619 11.200000
-0.718647 0.154778 11.200000
-0.641795 0.120675 11.200000
-0.557349 0.085480 11.200000
-0.465740 0.049298 11.200000
-0.367323 0.012442 11.200000
-0.262499 -0.024901 11.200000
-0.151652 -0.062362 11.200000
-0.035152 -0.099671 11.200000
0.086490 -0.136554 11.200000
0.212735 -0.172820 11.200000
0.343041 -0.208420 11.200000
0.476723 -0.243576 11.200000
0.751518 -0.313059 11.200000
1.031460 -0.382630 11.200000
1.310978 -0.453405 11.200000
1.584632 -0.526124 11.200000
1.847156 -0.601029 11.200000
2.093843 -0.677581 11.200000
2.320400 -0.754592 11.200000
2.523172 -0.830119 11.200000
2.699198 -0.901579 11.200000
2.845968 -0.966033 11.200000
2.961710 -1.020571 11.200000
3.045069 -1.062287 11.200000
3.095324 -1.088596 11.200000
3.112118 -1.097598 11.200000
