2.937764 -0.607900 34.200000
2.921704 -0.601024 34.200000
2.873806 -0.580614 34.200000
2.794883 -0.547086 34.200000
2.686240 -0.501036 34.200000
2.549722 -0.443622 34.200000
2.387419 -0.376583 34.200000
2.201944 -0.302299 34.200000
1.996142 -0.223400 34.200000
1.773243 -0.142638 34.200000
1.536855 -0.062515 34.200000
1.290822 0.014824 34.200000
1.039250 0.087304 34.200000
0.786325 0.153243 34.200000
0.536223 0.210919 34.200000
0.413549 0.236140 34.200000
0.293148 0.258726 34.200000
0.175521 0.278532 34.200000
0.061139 0.295461 34.200000
-0.049474 0.309486 34.200000
-0.155792 0.320579 34.200000
-0.257415 0.328700 34.200000
-0.353871 0.333954 34.200000
-0.444745 0.336378 34.200000
-0.529604 0.336088 34.200000
-0.608009 0.333236 34.200000
-0.679699 0.327892 34.200000
-0.744353 0.320030 34.200000
-0.801666 0.309546 34.200000
-0.851531 0.296173 34.200000
-0.893615 0.280128 34.200000
-0.927711 0.262021 34.200000
-0.953388 0.243153 34.200000
-0.970289 0.224837 34.200000
-0.978104 0.208196 34.200000
-0.976814 0.193305 34.200000
-0.966567 0.179462 34.200000
-0.947699 0.165427 34.200000
-0.920541 0.150004 34.200000
-0.885346 0.132755 34.200000
-0.842185 0.113734 34.200000
-0.791226 0.093509 34.200000
-0.732521 0.072620 34.200000
-0.666310 0.051485 34.200000
-0.592907 0.030169 34.200000
-0.512530 0.008798 34.200000
-0.425579 -0.012585 34.200000
-0.332413 -0.033742 34.200000
-0.233417 -0.054554 34.200000
-0.128980 -0.074735 34.200000
-0.019469 -0.094087 34.200000
0.094622 -0.112426 34.200000
0.212784 -0.129647 34.200000
0.334522 -0.145769 34.200000
0.459247 -0.161080 34.200000
0.715290 -0.190044 34.200000
0.975980 -0.218458 34.200000
1.236436 -0.248008 34.200000
1.491846 -0.280027 34.200000
1.737499 -0.315378 34.200000
1.969087 -0.354150 34.200000
2.182597 -0.395798 34.200000
2.374500 -0.439021 34.200000
2.541811 -0.481852 34.200000
2.681912 -0.521953 34.200000
2.792848 -0.556918 34.200000
2.873044 -0.584296 34.200000
2.921534 -0.601846 34.200000
2.937764 -0.607900 34.200000
