3.234961 -0.962109 15.000000
3.217616 -0.952866 15.000000
3.165875 -0.925413 15.000000
3.080611 -0.880289 15.000000
2.963229 -0.818290 15.000000
2.815687 -0.740888 15.000000
2.640162 -0.650235 15.000000
2.439353 -0.549245 15.000000
2.216201 -0.441141 15.000000
1.974063 -0.329314 15.000000
1.716742 -0.216916 15.000000
1.448345 -0.106717 15.000000
1.173274 -0.001434 15.000000
0.896061 0.096645 15.000000
0.621224 0.185192 15.000000
0.486124 0.225185 15.000000
0.353320 0.262006 15.000000
0.223360 0.295446 15.000000
0.096763 0.325351 15.000000
-0.025887 0.351640 15.000000
-0.144002 0.374234 15.000000
-0.257139 0.393046 15.000000
-0.364758 0.408152 15.000000
-0.466390 0.419552 15.000000
-0.561540 0.427334 15.000000
-0.649699 0.431629 15.000000
-0.730569 0.432488 15.000000
-0.803794 0.429853 15.000000
-0.869040 0.423577 15.000000
-0.926213 0.413351 15.000000
-0.974920 0.399387 15.000000
-1.014869 0.382348 15.000000
-1.045453 0.363651 15.000000
-1.066149 0.344736 15.000000
-1.076499 0.326828 15.000000
-1.076476 0.310014 15.000000
-1.066312 0.293517 15.000000
-1.046504 0.275983 15.000000
-1.017535 0.256099 15.000000
-0.979732 0.233401 15.000000
-0.933168 0.207956 15.000000
-0.877979 0.180416 15.000000
-0.814170 0.151392 15.000000
-0.741972 0.121375 15.000000
-0.661728 0.090467 15.000000
-0.573672 0.058833 15.000000
-0.478249 0.026556 15.000000
-0.375838 -0.006062 15.000000
-0.266857 -0.038849 15.000000
-0.151718 -0.071449 15.000000
-0.030813 -0.103605 15.000000
0.095323 -0.135063 15.000000
0.226129 -0.165656 15.000000
0.361050 -0.195360 15.000000
0.499395 -0.224440 15.000000
0.783635 -0.281370 15.000000
1.073138 -0.338129 15.000000
1.362268 -0.396138 15.000000
1.645507 -0.456433 15.000000
1.917491 -0.519530 15.000000
2.173381 -0.585118 15.000000
2.408733 -0.652203 15.000000
2.619714 -0.718988 15.000000
2.803167 -0.782986 15.000000
2.956379 -0.841322 15.000000
3.077391 -0.891115 15.000000
3.164669 -0.929467 15.000000
3.217346 -0.953772 15.000000
3.234961 -0.962109 15.000000
