3.280313 -0.793834 24.600000
3.262514 -0.785498 24.600000
3.209425 -0.760752 24.600000
3.121945 -0.720090 24.600000
3.001520 -0.664233 24.600000
2.850179 -0.594551 24.600000
2.670207 -0.513079 24.600000
2.464454 -0.422590 24.600000
2.236019 -0.326149 24.600000
1.988430 -0.226971 24.600000
1.725650 -0.128006 24.600000
1.451922 -0.031809 24.600000
1.171784 0.059134 24.600000
0.889877 0.142773 24.600000
0.610836 0.217014 24.600000
0.473852 0.249979 24.600000
0.339324 0.279895 24.600000
0.207811 0.306582 24.600000
0.079838 0.329912 24.600000
-0.044005 0.349835 24.600000
-0.163129 0.366301 24.600000
-0.277086 0.379248 24.600000
-0.385341 0.388778 24.600000
-0.487427 0.394917 24.600000
-0.582851 0.397777 24.600000
-0.671114 0.397515 24.600000
-0.751921 0.394199 24.600000
-0.824912 0.387787 24.600000
-0.889747 0.378152 24.600000
-0.946316 0.364988 24.600000
-0.994237 0.348527 24.600000
-1.033254 0.329449 24.600000
-1.062832 0.309198 24.600000
-1.082524 0.289240 24.600000
-1.091935 0.270822 24.600000
-1.091044 0.254031 24.600000
-1.080042 0.238081 24.600000
-1.059355 0.221593 24.600000
-1.029398 0.203231 24.600000
-0.990474 0.182515 24.600000
-0.942659 0.159508 24.600000
-0.886122 0.134853 24.600000
-0.820900 0.109161 24.600000
-0.747248 0.082911 24.600000
-0.665516 0.056187 24.600000
-0.575944 0.029140 24.600000
-0.478982 0.001833 24.600000
-0.375024 -0.025455 24.600000
-0.264496 -0.052573 24.600000
-0.147828 -0.079186 24.600000
-0.025424 -0.105057 24.600000
0.102168 -0.129962 24.600000
0.234379 -0.153762 24.600000
0.370653 -0.176462 24.600000
0.510316 -0.198361 24.600000
0.797115 -0.240543 24.600000
1.089162 -0.282281 24.600000
1.380901 -0.325288 24.600000
1.666875 -0.370881 24.600000
1.941753 -0.419854 24.600000
2.200688 -0.472145 24.600000
2.439189 -0.526991 24.600000
2.653336 -0.582797 24.600000
2.839848 -0.637239 24.600000
2.995868 -0.687589 24.600000
3.119288 -0.731068 24.600000
3.208430 -0.764863 24.600000
3.262292 -0.786417 24.600000
3.280313 -0.793834 24.600000
