3.212878 -1.033460 13.100000
3.195742 -1.023836 13.100000
3.144622 -0.995244 13.100000
3.060376 -0.948244 13.100000
2.944396 -0.883662 13.100000
2.798603 -0.803015 13.100000
2.625126 -0.708499 13.100000
2.426602 -0.603091 13.100000
2.205897 -0.490075 13.100000
1.966292 -0.372918 13.100000
1.711521 -0.254853 13.100000
1.445628 -0.138741 13.100000
1.172955 -0.027397 13.100000
0.897980 0.076793 13.100000
0.625170 0.171400 13.100000
0.490988 0.214372 13.100000
0.359032 0.254123 13.100000
0.229844 0.290431 13.100000
0.103939 0.323130 13.100000
-0.018099 0.352127 13.100000
-0.135686 0.377329 13.100000
-0.248378 0.398640 13.100000
-0.355637 0.416124 13.100000
-0.456992 0.429770 13.100000
-0.551946 0.439656 13.100000
-0.639988 0.445900 13.100000
-0.720820 0.448549 13.100000
-0.794085 0.447535 13.100000
-0.859454 0.442705 13.100000
-0.916839 0.433746 13.100000
-0.965843 0.420863 13.100000
-1.006160 0.404712 13.100000
-1.037150 0.386697 13.100000
-1.058260 0.368244 13.100000
-1.069003 0.350570 13.100000
-1.069352 0.333759 13.100000
-1.059556 0.317041 13.100000
-1.040140 0.299073 13.100000
-1.011618 0.278554 13.100000
-0.974327 0.255024 13.100000
-0.928338 0.228556 13.100000
-0.873772 0.199801 13.100000
-0.810621 0.169371 13.100000
-0.739104 0.137764 13.100000
-0.659564 0.105088 13.100000
-0.572230 0.071513 13.100000
-0.477544 0.037133 13.100000
-0.375880 0.002257 13.100000
-0.267652 -0.032934 13.100000
-0.153262 -0.068075 13.100000
-0.033098 -0.102898 13.100000
0.092311 -0.137139 13.100000
0.222408 -0.170620 13.100000
0.356638 -0.203302 13.100000
0.494307 -0.235436 13.100000
0.777217 -0.298643 13.100000
1.065392 -0.361793 13.100000
1.353168 -0.426187 13.100000
1.635004 -0.492734 13.100000
1.905524 -0.561835 13.100000
2.159901 -0.633069 13.100000
2.393710 -0.705346 13.100000
2.603162 -0.776784 13.100000
2.785154 -0.844825 13.100000
2.937038 -0.906538 13.100000
3.056918 -0.958997 13.100000
3.143326 -0.999270 13.100000
3.195453 -1.024735 13.100000
3.212878 -1.033460 13.100000
