2.406459 -1.381876 3.500000
2.403583 -1.374848 3.500000
2.396855 -1.355283 3.500000
2.387864 -1.326953 3.500000
2.375021 -1.293594 3.500000
2.355218 -1.256452 3.500000
2.326959 -1.214497 3.500000
2.290469 -1.166962 3.500000
2.246110 -1.114183 3.500000
2.194015 -1.056449 3.500000
2.134445 -0.994125 3.500000
2.067743 -0.927577 3.500000
1.994233 -0.857205 3.500000
1.914338 -0.783465 3.500000
1.828529 -0.706799 3.500000
1.737309 -0.627665 3.500000
1.641211 -0.546626 3.500000
1.540820 -0.464146 3.500000
1.436718 -0.380773 3.500000
1.329561 -0.296925 3.500000
1.220095 -0.213159 3.500000
1.109105 -0.129968 3.500000
0.997552 -0.047905 3.500000
0.886316 0.032184 3.500000
0.776240 0.109388 3.500000
0.667830 0.182734 3.500000
0.561467 0.251321 3.500000
0.457391 0.314455 3.500000
0.356222 0.371655 3.500000
0.257772 0.421404 3.500000
0.161307 0.463614 3.500000
0.066673 0.499055 3.500000
-0.025933 0.527998 3.500000
-0.116041 0.551112 3.500000
-0.202888 0.568685 3.500000
-0.285814 0.580976 3.500000
-0.364381 0.588076 3.500000
-0.438026 0.590302 3.500000
-0.506237 0.587871 3.500000
-0.568501 0.581087 3.500000
-0.624214 0.570328 3.500000
-0.672860 0.555382 3.500000
-0.714741 0.536467 3.500000
-0.749992 0.514682 3.500000
-0.778147 0.490914 3.500000
-0.798713 0.466244 3.500000
-0.811078 0.441814 3.500000
-0.814318 0.419825 3.500000
-0.803130 0.400301 3.500000
-0.775588 0.379238 3.500000
-0.734887 0.354415 3.500000
-0.681918 0.326217 3.500000
-0.617505 0.294690 3.500000
-0.542359 0.260157 3.500000
-0.457201 0.223075 3.500000
-0.362679 0.184242 3.500000
-0.257878 0.144883 3.500000
-0.141653 0.104169 3.500000
-0.014870 0.060293 3.500000
0.121290 0.012612 3.500000
0.265444 -0.039276 3.500000
0.416230 -0.095741 3.500000
0.572031 -0.156919 3.500000
0.731269 -0.222888 3.500000
0.892163 -0.293476 3.500000
1.052964 -0.368534 3.500000
1.211894 -0.447595 3.500000
1.367114 -0.530072 3.500000
1.516838 -0.615281 3.500000
1.659363 -0.702329 3.500000
1.793056 -0.790194 3.500000
1.916374 -0.877775 3.500000
2.027918 -0.963716 3.500000
2.126523 -1.046706 3.500000
2.211085 -1.125173 3.500000
2.280675 -1.197689 3.500000
2.333920 -1.262483 3.500000
2.369999 -1.315713 3.500000
2.391595 -1.353372 3.500000
2.402963 -1.374961 3.500000
2.406459 -1.381876 3.500000
