2.122372 -1.413520 1.600000
2.120162 -1.406901 1.600000
2.115184 -1.388553 1.600000
2.108665 -1.362030 1.600000
2.098919 -1.330661 1.600000
2.083023 -1.295400 1.600000
2.059666 -1.255211 1.600000
2.029102 -1.209405 1.600000
1.991642 -1.158312 1.600000
1.947390 -1.102205 1.600000
1.896564 -1.041434 1.600000
1.839455 -0.976356 1.600000
1.776337 -0.907358 1.600000
1.707570 -0.834882 1.600000
1.633558 -0.759364 1.600000
1.554735 -0.681254 1.600000
1.471555 -0.601100 1.600000
1.384527 -0.519363 1.600000
1.294151 -0.436582 1.600000
1.201002 -0.353179 1.600000
1.105732 -0.269711 1.600000
1.009028 -0.186677 1.600000
0.911740 -0.104644 1.600000
0.814623 -0.024439 1.600000
0.718393 0.053049 1.600000
0.623457 0.126899 1.600000
0.530107 0.196261 1.600000
0.438523 0.260484 1.600000
0.349242 0.319088 1.600000
0.262002 0.370696 1.600000
0.176122 0.415269 1.600000
0.091509 0.453526 1.600000
0.008360 0.485700 1.600000
-0.072853 0.512378 1.600000
-0.151414 0.533777 1.600000
-0.226700 0.550094 1.600000
-0.298306 0.561387 1.600000
-0.365695 0.567910 1.600000
-0.428386 0.569833 1.600000
-0.485889 0.567403 1.600000
-0.537628 0.560929 1.600000
-0.583141 0.550186 1.600000
-0.622693 0.535392 1.600000
-0.656340 0.517563 1.600000
-0.683602 0.497484 1.600000
-0.703961 0.476116 1.600000
-0.716785 0.454469 1.600000
-0.721095 0.434504 1.600000
-0.712024 0.415921 1.600000
-0.688053 0.394932 1.600000
-0.652246 0.369695 1.600000
-0.605395 0.340616 1.600000
-0.548253 0.307788 1.600000
-0.481454 0.271551 1.600000
-0.405629 0.232366 1.600000
-0.321326 0.191007 1.600000
-0.227630 0.148540 1.600000
-0.123541 0.104135 1.600000
-0.009965 0.056188 1.600000
0.111978 0.004181 1.600000
0.240996 -0.052170 1.600000
0.375814 -0.113120 1.600000
0.514945 -0.178698 1.600000
0.656934 -0.248877 1.600000
0.800161 -0.323393 1.600000
0.943032 -0.402002 1.600000
1.083943 -0.484166 1.600000
1.221243 -0.569237 1.600000
1.353339 -0.656479 1.600000
1.478722 -0.744969 1.600000
1.595957 -0.833670 1.600000
1.703696 -0.921479 1.600000
1.800740 -1.007068 1.600000
1.886099 -1.089163 1.600000
1.958858 -1.166257 1.600000
2.018251 -1.236983 1.600000
2.063128 -1.299634 1.600000
2.092969 -1.350636 1.600000
2.110478 -1.386480 1.600000
2.119587 -1.406968 1.600000
2.122372 -1.413520 1.600000
