3.141175 -0.730512 28.400000
3.124096 -0.722699 28.400000
3.073158 -0.699507 28.400000
2.989222 -0.661401 28.400000
2.873676 -0.609056 28.400000
2.728472 -0.543767 28.400000
2.555811 -0.467456 28.400000
2.358437 -0.382749 28.400000
2.139340 -0.292548 28.400000
1.901918 -0.199896 28.400000
1.649982 -0.107577 28.400000
1.387609 -0.017996 28.400000
1.119155 0.066509 28.400000
0.849074 0.144020 28.400000
0.581811 0.212576 28.400000
0.450639 0.242905 28.400000
0.321840 0.270342 28.400000
0.195950 0.294719 28.400000
0.073470 0.315918 28.400000
-0.045035 0.333898 28.400000
-0.159000 0.348614 28.400000
-0.267999 0.360012 28.400000
-0.371520 0.368194 28.400000
-0.469117 0.373188 28.400000
-0.560321 0.375106 28.400000
-0.644655 0.374102 28.400000
-0.721840 0.370243 28.400000
-0.791529 0.363493 28.400000
-0.853398 0.353733 28.400000
-0.907338 0.340672 28.400000
-0.952986 0.324534 28.400000
-0.990105 0.305972 28.400000
-1.018194 0.286369 28.400000
-1.036840 0.267130 28.400000
-1.045675 0.249451 28.400000
-1.044681 0.233415 28.400000
-1.034032 0.218268 28.400000
-1.014124 0.202690 28.400000
-0.985343 0.185401 28.400000
-0.947973 0.165939 28.400000
-0.902089 0.144363 28.400000
-0.847856 0.121288 28.400000
-0.785316 0.097296 28.400000
-0.714716 0.072843 28.400000
-0.636391 0.048005 28.400000
-0.550574 0.022926 28.400000
-0.457691 -0.002339 28.400000
-0.358124 -0.027525 28.400000
-0.252282 -0.052493 28.400000
-0.140576 -0.076926 28.400000
-0.023396 -0.100601 28.400000
0.098733 -0.123309 28.400000
0.225266 -0.144921 28.400000
0.355672 -0.165448 28.400000
0.489309 -0.185180 28.400000
0.763711 -0.223037 28.400000
1.043123 -0.260424 28.400000
1.322252 -0.299027 28.400000
1.595895 -0.340150 28.400000
1.858964 -0.384597 28.400000
2.106827 -0.432351 28.400000
2.335187 -0.482722 28.400000
2.540285 -0.534216 28.400000
2.718966 -0.584644 28.400000
2.868475 -0.631422 28.400000
2.986777 -0.671913 28.400000
3.072242 -0.703444 28.400000
3.123892 -0.723579 28.400000
3.141175 -0.730512 28.400000
