3.004175 -0.656170 32.300000
2.987792 -0.648940 32.300000
2.938930 -0.627482 32.300000
2.858416 -0.592229 32.300000
2.747583 -0.543806 32.300000
2.608308 -0.483421 32.300000
2.442713 -0.412881 32.300000
2.253449 -0.334654 32.300000
2.043405 -0.251468 32.300000
1.815857 -0.166180 32.300000
1.574477 -0.081395 32.300000
1.323180 0.000646 32.300000
1.066151 0.077769 32.300000
0.807661 0.148203 32.300000
0.551973 0.210135 32.300000
0.426524 0.237368 32.300000
0.303374 0.261874 32.300000
0.183037 0.283500 32.300000
0.065993 0.302140 32.300000
-0.047220 0.317761 32.300000
-0.156064 0.330330 32.300000
-0.260129 0.339798 32.300000
-0.358932 0.346270 32.300000
-0.452045 0.349779 32.300000
-0.539024 0.350438 32.300000
-0.619415 0.348399 32.300000
-0.692954 0.343729 32.300000
-0.759309 0.336400 32.300000
-0.818170 0.326301 32.300000
-0.869428 0.313156 32.300000
-0.912743 0.297185 32.300000
-0.947894 0.279011 32.300000
-0.974423 0.259961 32.300000
-0.991953 0.241380 32.300000
-1.000149 0.224411 32.300000
-0.998995 0.209135 32.300000
-0.988649 0.194831 32.300000
-0.969469 0.180234 32.300000
-0.941807 0.164120 32.300000
-0.905929 0.146044 32.300000
-0.861906 0.126062 32.300000
-0.809904 0.104758 32.300000
-0.749970 0.082687 32.300000
-0.682347 0.060278 32.300000
-0.607353 0.037603 32.300000
-0.525212 0.014794 32.300000
-0.436334 -0.008102 32.300000
-0.341083 -0.030837 32.300000
-0.239853 -0.053283 32.300000
-0.133038 -0.075145 32.300000
-0.021015 -0.096214 32.300000
0.095714 -0.116296 32.300000
0.216629 -0.135278 32.300000
0.341221 -0.153175 32.300000
0.468884 -0.170273 32.300000
0.730986 -0.202845 32.300000
0.997857 -0.234906 32.300000
1.264475 -0.268128 32.300000
1.525894 -0.303824 32.300000
1.777274 -0.342825 32.300000
2.014201 -0.385174 32.300000
2.232566 -0.430267 32.300000
2.428767 -0.476730 32.300000
2.599769 -0.522516 32.300000
2.742911 -0.565196 32.300000
2.856220 -0.602283 32.300000
2.938107 -0.631247 32.300000
2.987608 -0.649781 32.300000
3.004175 -0.656170 32.300000
