3.002819 -1.176308 9.300000
2.998309 -1.168723 9.300000
2.987225 -1.147386 9.300000
2.972040 -1.116361 9.300000
2.951563 -1.080215 9.300000
2.922440 -1.040912 9.300000
2.882771 -0.997525 9.300000
2.832686 -0.949134 9.300000
2.772658 -0.896063 9.300000
2.702889 -0.838622 9.300000
2.623741 -0.777183 9.300000
2.535672 -0.712111 9.300000
2.439123 -0.643809 9.300000
2.334657 -0.572730 9.300000
2.222892 -0.499299 9.300000
2.104485 -0.423959 9.300000
1.980144 -0.347264 9.300000
1.850622 -0.269648 9.300000
1.716681 -0.191641 9.300000
1.579147 -0.113611 9.300000
1.438974 -0.036071 9.300000
1.297146 0.040547 9.300000
1.154865 0.115772 9.300000
1.013286 0.188782 9.300000
0.873535 0.258675 9.300000
0.736360 0.324418 9.300000
0.602352 0.385042 9.300000
0.471907 0.439790 9.300000
0.345820 0.488213 9.300000
0.224134 0.528539 9.300000
0.106021 0.560537 9.300000
-0.008828 0.585069 9.300000
-0.120233 0.602479 9.300000
-0.227768 0.613617 9.300000
-0.330606 0.618943 9.300000
-0.428032 0.618869 9.300000
-0.519559 0.613576 9.300000
-0.604593 0.603522 9.300000
-0.682584 0.589046 9.300000
-0.752992 0.570585 9.300000
-0.815191 0.548676 9.300000
-0.868549 0.523166 9.300000
-0.913450 0.494251 9.300000
-0.950239 0.463173 9.300000
-0.978532 0.431031 9.300000
-0.997948 0.399151 9.300000
-1.007977 0.368952 9.300000
-1.007936 0.343120 9.300000
-0.991731 0.322594 9.300000
-0.956466 0.303099 9.300000
-0.905430 0.281537 9.300000
-0.839714 0.258195 9.300000
-0.760274 0.232987 9.300000
-0.667982 0.206161 9.300000
-0.563743 0.178120 9.300000
-0.448443 0.149670 9.300000
-0.321237 0.122376 9.300000
-0.180667 0.095480 9.300000
-0.027419 0.066759 9.300000
0.137259 0.035269 9.300000
0.311848 0.000312 9.300000
0.494842 -0.038769 9.300000
0.684409 -0.082411 9.300000
0.878746 -0.130969 9.300000
1.075778 -0.184554 9.300000
1.273470 -0.243293 9.300000
1.469696 -0.306954 9.300000
1.662241 -0.375176 9.300000
1.848938 -0.447481 9.300000
2.027674 -0.523132 9.300000
2.196399 -0.601234 9.300000
2.353148 -0.680788 9.300000
2.496084 -0.760472 9.300000
2.623640 -0.838980 9.300000
2.734279 -0.914695 9.300000
2.826690 -0.986132 9.300000
2.898991 -1.051493 9.300000
2.949579 -1.106500 9.300000
2.980852 -1.146090 9.300000
2.997616 -1.168959 9.300000
3.002819 -1.176308 9.300000
